,X1,X2,X3,X4,X5,X6,X7,X8,X9,X10,X11,X12,X13,X14,X15,X16,X17,X18,X19,X20,X21,X22,X23,X24,X25,ps_score,factual,counter_factual,true_ITE,predicted_ITE,diff
0,0.057194504886865616,-0.20294594764709473,-0.3608979880809784,-0.8796060085296631,-0.3166031837463379,0.9639847278594971,1.0,0.0,1.0,0.0,0.0,0.0,0.0,2.0,0.0,1.0,1.0,1.0,0.0,1.0,0.0,0.0,0.0,0.0,0.0,0.503293514251709,8.18273366,1.8567241140000001,6.326009546,5.107748031616211,1.21826171875
1,0.8786077499389648,0.9963462352752686,-0.733260989189148,1.2030110359191895,0.3085688352584839,0.3015223741531372,0.0,0.0,0.0,0.0,1.0,0.0,0.0,1.0,0.0,1.0,1.0,1.0,0.0,0.0,1.0,0.0,0.0,0.0,0.0,0.010990544222295284,5.926609217,1.528262157,4.398347060000001,4.111454963684082,0.2868919372558594
2,1.1380014419555664,0.9963462352752686,0.7561909556388855,0.16170252859592438,-0.6291891932487488,0.13590677082538605,1.0,0.0,0.0,1.0,0.0,0.0,1.0,1.0,0.0,1.0,1.0,1.0,1.0,0.0,0.0,0.0,0.0,0.0,0.0,0.7851330637931824,5.855671364,1.8568003690000001,3.998870995,2.313319206237793,1.6855518817901611
3,0.8137593269348145,0.5965821743011475,-0.3608979880809784,-0.8796060085296631,-0.7542235851287842,0.6327535510063171,1.0,0.0,1.0,1.0,0.0,0.0,0.0,2.0,0.0,1.0,0.0,1.0,1.0,0.0,0.0,0.0,0.0,0.0,0.0,0.41267451643943787,5.2382062430000005,2.198745096,3.0394611470000004,5.793645858764648,-2.7541847229003906
4,0.7921431660652161,0.5965821743011475,-1.1056239604949951,0.16170252859592438,-1.6919816732406616,2.288909435272217,0.0,0.0,0.0,1.0,0.0,0.0,1.0,1.0,1.0,1.0,0.0,1.0,0.0,0.0,0.0,0.0,0.0,1.0,0.0,0.01915760710835457,8.204986762999999,9.538549818,-1.3335630550000008,2.967878818511963,-4.3014421463012695
5,1.2244659662246704,0.19681812822818756,-1.4779869318008423,-0.8796060085296631,0.1835344433784485,2.123293876647949,0.0,0.0,1.0,0.0,0.0,0.0,0.0,2.0,0.0,1.0,1.0,1.0,0.0,0.0,0.0,0.0,0.0,0.0,1.0,0.23019766807556152,7.351988971,3.757282783,3.594706188,4.4012956619262695,-0.8065893650054932
6,-0.05088618025183678,0.19681812822818756,1.5009169578552246,-0.8796060085296631,-1.754498839378357,1.1296002864837646,1.0,0.0,0.0,0.0,0.0,1.0,0.0,2.0,0.0,1.0,1.0,1.0,0.0,0.0,0.0,0.0,0.0,0.0,0.0,0.537029504776001,5.65091291,4.974915197,0.6759977130000001,3.9222686290740967,-3.2462708950042725
7,1.3433547019958496,1.7958743572235107,-1.1056239604949951,-0.8796060085296631,-0.6917064189910889,0.7983691692352295,1.0,0.0,1.0,0.0,0.0,0.0,0.0,2.0,1.0,1.0,1.0,1.0,0.0,0.0,1.0,0.0,0.0,0.0,0.0,0.1787080615758896,7.647942485,4.740757133,2.907185352,4.235795497894287,-1.3286101818084717
8,-1.7585610151290894,-1.3396923542022705,0.38382798433303833,-0.8796060085296631,-0.9417752027511597,-0.8577867746353149,0.0,0.0,0.0,1.0,0.0,0.0,1.0,2.0,0.0,1.0,1.0,1.0,0.0,0.0,0.0,0.0,0.0,0.0,0.0,0.09079773724079132,5.539232081000001,0.739044418,4.800187663000001,3.8823416233062744,0.9178459644317627
9,-0.43997666239738464,-0.20294594764709473,0.011464990675449371,-0.8796060085296631,-0.2540859878063202,-1.0234023332595825,1.0,1.0,1.0,0.0,1.0,0.0,0.0,2.0,0.0,1.0,1.0,1.0,0.0,0.0,1.0,0.0,0.0,0.0,0.0,0.21204350888729095,4.474726947,2.651103417,1.8236235299999999,3.894627571105957,-2.0710039138793945
10,-1.023612380027771,-1.402238130569458,1.1285539865493774,0.16170252859592438,-0.9417752027511597,1.626447081565857,1.0,0.0,1.0,0.0,0.0,0.0,0.0,1.0,0.0,1.0,1.0,1.0,0.0,0.0,0.0,0.0,0.0,0.0,1.0,0.40258118510246277,7.543128717999999,2.8022302389999996,4.740898479,2.406660318374634,2.334238290786743
11,0.6408302187919617,0.5965821743011475,-0.3608979880809784,1.2030110359191895,-0.9417752027511597,-0.36094000935554504,0.0,0.0,1.0,0.0,1.0,0.0,1.0,1.0,1.0,1.0,0.0,1.0,0.0,0.0,0.0,0.0,0.0,1.0,0.0,0.4303131103515625,6.857319052,2.743202632,4.11411642,2.3650081157684326,1.749108076095581
12,1.3973950147628784,0.19681812822818756,-0.3608979880809784,0.16170252859592438,-1.1293268203735352,1.4608315229415894,1.0,0.0,1.0,0.0,0.0,0.0,0.0,1.0,0.0,1.0,1.0,1.0,0.0,0.0,0.0,0.0,0.0,0.0,1.0,0.6613004207611084,6.047718437,2.3671033130000003,3.680615124,4.15731143951416,-0.476696252822876
13,-0.28866368532180786,0.19681812822818756,0.7561909556388855,0.16170252859592438,-2.3171536922454834,-0.029708821326494217,0.0,0.0,1.0,0.0,1.0,0.0,1.0,1.0,0.0,1.0,1.0,1.0,0.0,0.0,0.0,0.0,0.0,0.0,1.0,0.5826390981674194,6.215572155,0.6324781279999999,5.5830940270000005,2.1653482913970947,3.41774582862854
14,-0.8722994327545166,-0.6027100086212158,0.7561909556388855,-0.8796060085296631,1.1838096380233765,1.2952159643173218,1.0,0.0,1.0,0.0,0.0,1.0,0.0,2.0,0.0,1.0,0.0,1.0,0.0,0.0,0.0,0.0,0.0,0.0,1.0,0.48721984028816223,7.131295804,2.9661324039999997,4.1651634,5.1999406814575195,-1.0347771644592285
15,-1.2181576490402222,-0.6027100086212158,1.5009169578552246,-0.8796060085296631,-0.3791203796863556,-0.8577867746353149,0.0,0.0,0.0,0.0,1.0,0.0,0.0,2.0,0.0,0.0,1.0,1.0,0.0,0.0,0.0,0.0,0.0,0.0,1.0,0.3490058481693268,5.47158732,2.2576000659999997,3.2139872540000005,4.968494415283203,-1.754507064819336
16,-0.18058300018310547,0.5965821743011475,-0.3608979880809784,-0.8796060085296631,-0.3166031837463379,0.3015223741531372,0.0,0.0,1.0,0.0,0.0,0.0,0.0,2.0,0.0,1.0,1.0,1.0,0.0,0.0,0.0,0.0,0.0,0.0,1.0,0.33873724937438965,6.228316685,1.325606771,4.902709914000001,4.948853969573975,-0.04614400863647461
17,-0.28866368532180786,0.19681812822818756,-0.3608979880809784,-0.8796060085296631,0.8712236881256104,-0.36094000935554504,1.0,0.0,1.0,0.0,0.0,1.0,0.0,2.0,0.0,1.0,0.0,1.0,1.0,0.0,0.0,0.0,0.0,0.0,0.0,0.05961635336279869,7.89358577,2.532835601,5.360750168999999,4.012238502502441,1.3485116958618164
18,0.9650722742080688,1.3961102962493896,0.011464990675449371,0.16170252859592438,-0.004017170052975416,-1.0234023332595825,0.0,0.0,0.0,1.0,0.0,0.0,1.0,1.0,0.0,1.0,0.0,1.0,1.0,0.0,0.0,0.0,0.0,0.0,0.0,0.18412050604820251,4.03578734,1.290493853,2.7452934869999996,4.354207992553711,-1.6089146137237549
19,1.3973950147628784,1.3961102962493896,-1.4779869318008423,-0.8796060085296631,-0.4416375756263733,0.7983691692352295,1.0,0.0,1.0,0.0,1.0,0.0,0.0,2.0,0.0,1.0,1.0,1.0,0.0,0.0,0.0,0.0,0.0,0.0,1.0,0.190449059009552,6.29186737,2.12824243,4.16362494,2.4309165477752686,1.732708215713501
20,0.7705270648002625,0.5965821743011475,0.38382798433303833,-0.8796060085296631,-1.379395604133606,0.4671379625797272,0.0,0.0,1.0,0.0,0.0,0.0,0.0,2.0,0.0,1.0,1.0,1.0,0.0,0.0,0.0,0.0,0.0,0.0,0.0,0.5992571711540222,7.747586396,2.856067559,4.891518837,6.161056041717529,-1.2695369720458984
21,0.07881063967943192,0.19681812822818756,0.38382798433303833,0.16170252859592438,-0.5041548013687134,0.9639847278594971,0.0,0.0,1.0,0.0,1.0,0.0,1.0,1.0,0.0,0.0,1.0,1.0,0.0,0.0,0.0,0.0,0.0,0.0,1.0,0.4864325523376465,6.50768074,2.2072913130000003,4.300389426999999,4.795176029205322,-0.49478673934936523
22,1.3865870237350464,0.9963462352752686,-0.733260989189148,1.2030110359191895,-0.0665343701839447,1.1296002864837646,0.0,0.0,0.0,1.0,0.0,0.0,1.0,1.0,0.0,1.0,1.0,1.0,1.0,0.0,0.0,0.0,0.0,0.0,0.0,0.03877028822898865,7.713109312,3.6768560839999997,4.0362532280000005,3.468405246734619,0.5678482055664062
23,0.9218400120735168,1.3961102962493896,-0.733260989189148,0.16170252859592438,0.2460516393184662,0.7983691692352295,0.0,1.0,1.0,0.0,0.0,0.0,1.0,1.0,0.0,1.0,1.0,1.0,0.0,0.0,0.0,0.0,0.0,0.0,0.0,0.28091323375701904,7.690024341,1.6888184819999998,6.001205859000001,1.6319167613983154,4.369289398193359
24,0.8569915890693665,1.7958743572235107,0.011464990675449371,-0.8796060085296631,0.5586376786231995,0.3015223741531372,0.0,1.0,1.0,0.0,0.0,0.0,0.0,2.0,0.0,1.0,0.0,1.0,1.0,0.0,0.0,0.0,0.0,0.0,0.0,0.021067503839731216,7.834468929,2.7479859660000003,5.086482963,1.546543836593628,3.5399391651153564
25,0.4679011106491089,0.19681812822818756,0.38382798433303833,0.16170252859592438,-0.9417752027511597,-1.1890180110931396,1.0,0.0,1.0,1.0,0.0,0.0,0.0,1.0,0.0,1.0,0.0,1.0,0.0,0.0,1.0,0.0,0.0,0.0,0.0,0.3435385227203369,6.886719462,2.652845248,4.233874214,5.404421329498291,-1.1705470085144043
26,-0.48320892453193665,0.19681812822818756,-0.3608979880809784,-0.8796060085296631,1.5589128732681274,-1.685864806175232,0.0,0.0,0.0,1.0,0.0,0.0,1.0,2.0,0.0,1.0,0.0,1.0,1.0,0.0,0.0,0.0,0.0,0.0,0.0,0.0669427216053009,4.944219691,0.362493454,4.581726237,4.388154983520508,0.1935710906982422
27,0.1436590552330017,0.9963462352752686,-0.3608979880809784,0.16170252859592438,0.2460516393184662,-1.3546335697174072,0.0,1.0,0.0,1.0,0.0,0.0,0.0,1.0,0.0,1.0,0.0,1.0,0.0,1.0,0.0,0.0,0.0,0.0,0.0,0.0004836348816752434,6.3073764820000005,0.8027139990000001,5.504662483000001,3.1244053840637207,2.3802571296691895
28,0.3598204255104065,0.5965821743011475,0.38382798433303833,-0.8796060085296631,0.4961204528808594,1.2952159643173218,0.0,0.0,1.0,0.0,0.0,0.0,0.0,2.0,0.0,1.0,1.0,1.0,1.0,0.0,0.0,0.0,0.0,0.0,0.0,0.31907153129577637,6.295170225,4.680660837,1.614509388,2.6219584941864014,-1.0074491500854492
29,-0.061694249510765076,0.19681812822818756,0.38382798433303833,-0.8796060085296631,-0.4416375756263733,-0.6921712160110474,1.0,0.0,1.0,0.0,0.0,1.0,1.0,2.0,0.0,1.0,1.0,1.0,0.0,0.0,1.0,0.0,0.0,0.0,0.0,0.2141895294189453,1.882450559,5.324613068000001,3.4421625090000005,5.339016914367676,-1.8968544006347656
30,-0.43997666239738464,0.19681812822818756,0.011464990675449371,-0.8796060085296631,1.4963957071304321,0.13590677082538605,0.0,0.0,1.0,0.0,0.0,1.0,0.0,2.0,0.0,1.0,0.0,1.0,0.0,0.0,1.0,0.0,0.0,0.0,0.0,0.3519616723060608,1.090969716,7.098473147999999,6.007503431999999,4.459649085998535,1.5478544235229492
31,0.7489109039306641,0.5965821743011475,-0.3608979880809784,-0.8796060085296631,-1.1918439865112305,1.1296002864837646,1.0,0.0,1.0,0.0,0.0,1.0,0.0,2.0,1.0,1.0,1.0,1.0,0.0,0.0,1.0,0.0,0.0,0.0,0.0,0.18900851905345917,5.027350273,8.408983848,3.3816335750000004,2.673851728439331,0.7077817916870117
32,0.8137593269348145,0.5965821743011475,-0.3608979880809784,-0.8796060085296631,0.4336032569408417,0.4671379625797272,0.0,0.0,1.0,0.0,0.0,0.0,1.0,2.0,0.0,1.0,1.0,1.0,0.0,1.0,0.0,0.0,0.0,0.0,0.0,0.3605285882949829,2.609191842,7.152166662999999,4.542974821,3.005112409591675,1.5378625392913818
33,0.26903265714645386,0.19681812822818756,0.38382798433303833,0.16170252859592438,-0.6291891932487488,1.4608315229415894,1.0,0.0,1.0,0.0,0.0,1.0,0.0,1.0,0.0,1.0,1.0,1.0,1.0,0.0,0.0,0.0,0.0,0.0,0.0,0.25068381428718567,2.956272863,5.783769679,2.8274968159999996,1.4808740615844727,1.3466227054595947
34,0.5759817957878113,0.19681812822818756,-1.4779869318008423,1.2030110359191895,0.6211548447608948,-1.0234023332595825,0.0,0.0,0.0,1.0,0.0,0.0,1.0,1.0,0.0,1.0,1.0,1.0,0.0,0.0,0.0,0.0,0.0,1.0,0.0,0.0020413880702108145,3.0045184639999998,5.165659198999999,2.1611407349999996,2.751281499862671,-0.5901408195495605
35,1.0515367984771729,0.5965821743011475,-0.733260989189148,-0.8796060085296631,0.9962580800056458,-1.3546335697174072,0.0,0.0,0.0,1.0,0.0,0.0,1.0,2.0,0.0,1.0,0.0,1.0,0.0,0.0,0.0,0.0,0.0,0.0,0.0,0.5069301128387451,1.817968307,5.723428462999999,3.9054601559999993,4.361410140991211,-0.4559500217437744
36,1.15961754322052,0.9963462352752686,-1.4779869318008423,0.16170252859592438,0.12101723253726959,-0.526555597782135,1.0,0.0,0.0,0.0,1.0,0.0,0.0,1.0,0.0,1.0,0.0,1.0,0.0,0.0,0.0,0.0,0.0,1.0,0.0,0.0031410646624863148,1.8883570980000002,6.372947179,4.4845900809999995,3.8396213054656982,0.6449687480926514
37,0.2085074633359909,0.9963462352752686,1.1285539865493774,0.16170252859592438,-0.5041548013687134,1.1296002864837646,1.0,0.0,1.0,0.0,0.0,1.0,0.0,1.0,0.0,1.0,1.0,1.0,0.0,0.0,0.0,0.0,0.0,0.0,1.0,0.40689143538475037,3.8788345580000003,6.482705827,2.603871269,4.369884490966797,-1.7660131454467773
38,0.9650722742080688,1.3961102962493896,-1.1056239604949951,-0.8796060085296631,0.7461892366409302,0.3015223741531372,1.0,0.0,1.0,0.0,0.0,1.0,0.0,2.0,0.0,1.0,1.0,1.0,0.0,0.0,1.0,0.0,0.0,0.0,0.0,0.09719199687242508,1.8236233030000002,6.148633809,4.325010506,5.854867458343506,-1.5298571586608887
39,-0.39674437046051025,-0.6027100086212158,0.38382798433303833,-0.8796060085296631,-0.6917064189910889,1.1296002864837646,0.0,0.0,1.0,0.0,1.0,0.0,0.0,2.0,0.0,1.0,1.0,1.0,0.0,0.0,1.0,0.0,0.0,0.0,0.0,0.30736666917800903,4.01208879,6.4531784000000005,2.4410896100000006,4.907165050506592,-2.4660754203796387
40,-2.0395708084106445,-2.2017662525177,0.011464990675449371,0.16170252859592438,-0.3791203796863556,0.3015223741531372,1.0,0.0,1.0,0.0,0.0,1.0,0.0,1.0,0.0,1.0,1.0,1.0,0.0,0.0,0.0,1.0,0.0,0.0,0.0,0.02860083244740963,2.48508732,6.659410539,4.174323219,1.9975874423980713,2.1767356395721436
41,0.3814365565776825,0.19681812822818756,-0.3608979880809784,2.244319438934326,0.9337408542633057,-0.526555597782135,1.0,0.0,1.0,0.0,0.0,1.0,0.0,1.0,0.0,1.0,1.0,1.0,0.0,0.0,1.0,0.0,0.0,0.0,0.0,0.230631023645401,2.801940231,5.165661119,2.363720888,2.96494460105896,-0.6012237071990967
42,-0.21084560453891754,-0.6027100086212158,0.7561909556388855,1.2030110359191895,0.6211548447608948,-0.526555597782135,1.0,0.0,0.0,0.0,1.0,0.0,1.0,1.0,0.0,1.0,1.0,1.0,0.0,0.0,1.0,0.0,0.0,0.0,0.0,0.3495437800884247,0.44918031,7.405340801,6.956160491,3.629868984222412,3.326291561126709
43,0.1868913322687149,0.5965821743011475,-0.733260989189148,2.244319438934326,1.4963957071304321,-1.1890180110931396,0.0,0.0,0.0,1.0,0.0,0.0,0.0,1.0,0.0,1.0,0.0,1.0,0.0,0.0,0.0,0.0,0.0,1.0,0.0,0.0001906336983665824,3.06370113,6.632418125,3.568716995,2.795145034790039,0.7735719680786133
44,-1.2397737503051758,-1.002474069595337,0.011464990675449371,0.16170252859592438,2.121567726135254,-0.6921712160110474,1.0,0.0,0.0,1.0,0.0,0.0,0.0,1.0,0.0,1.0,1.0,1.0,0.0,0.0,0.0,0.0,0.0,1.0,0.0,0.0015648342669010162,1.073780005,6.512709967999999,5.438929963,5.414105415344238,0.02482461929321289
45,1.2893143892288208,0.5965821743011475,0.38382798433303833,-0.8796060085296631,-2.254636526107788,0.6327535510063171,1.0,0.0,0.0,0.0,0.0,1.0,0.0,2.0,0.0,1.0,1.0,1.0,0.0,0.0,0.0,1.0,0.0,0.0,0.0,0.28303271532058716,1.893695214,6.8120015789999995,4.918306364999999,4.376384735107422,0.5419216156005859
46,-1.8450255393981934,-1.802002191543579,2.6180057525634766,-0.8796060085296631,0.3710860311985016,-1.8514803647994995,1.0,0.0,0.0,1.0,0.0,0.0,0.0,2.0,0.0,1.0,0.0,1.0,0.0,0.0,1.0,0.0,0.0,0.0,0.0,0.007572774309664965,2.097135771,6.547622829,4.450487058,5.188413619995117,-0.7379264831542969
47,0.5111333727836609,-0.20294594764709473,-0.733260989189148,-0.8796060085296631,1.0587753057479858,1.2952159643173218,0.0,0.0,1.0,0.0,0.0,0.0,0.0,2.0,0.0,1.0,1.0,1.0,0.0,0.0,0.0,0.0,0.0,0.0,1.0,0.5324683785438538,2.184635919,8.161383288,5.976747369,3.7200019359588623,2.2567455768585205
48,-0.8939155340194702,-0.6027100086212158,1.1285539865493774,-0.8796060085296631,-1.1918439865112305,-1.5202491283416748,1.0,0.0,1.0,1.0,0.0,0.0,1.0,2.0,0.0,0.0,1.0,1.0,0.0,0.0,0.0,0.0,0.0,1.0,0.0,0.16792725026607513,0.7503001709999999,5.6488051310000005,4.89850496,3.8918254375457764,1.0066792964935303
49,-0.11573459208011627,-0.6027100086212158,0.011464990675449371,-0.8796060085296631,0.5586376786231995,-1.5202491283416748,1.0,1.0,0.0,1.0,0.0,0.0,0.0,2.0,0.0,1.0,1.0,1.0,0.0,0.0,0.0,0.0,1.0,0.0,0.0,0.0003966445801779628,2.184525986,6.43413664,4.249610654,4.919239044189453,-0.6696286201477051
50,-0.029270043596625328,-0.6027100086212158,0.011464990675449371,0.16170252859592438,0.1835344433784485,-0.19532442092895508,1.0,0.0,0.0,1.0,0.0,0.0,1.0,1.0,0.0,1.0,0.0,1.0,0.0,1.0,0.0,0.0,0.0,0.0,0.0,0.01973351277410984,2.340849795,6.908482676,4.567632881,2.834324598312378,1.7333080768585205
51,-0.980380117893219,-0.20294594764709473,0.7561909556388855,-0.8796060085296631,0.8087064623832703,0.6327535510063171,1.0,0.0,1.0,0.0,0.0,0.0,1.0,2.0,0.0,1.0,1.0,1.0,0.0,0.0,1.0,0.0,0.0,0.0,0.0,0.3612503409385681,1.734473149,6.967970416,5.233497267,2.6603481769561768,2.5731489658355713
52,1.332546591758728,1.7958743572235107,-0.3608979880809784,-0.8796060085296631,-1.6919816732406616,-0.36094000935554504,0.0,0.0,1.0,0.0,0.0,0.0,0.0,2.0,1.0,1.0,1.0,1.0,0.0,0.0,0.0,0.0,1.0,0.0,0.0,0.04923570901155472,1.744298277,6.548642097,4.80434382,4.524653434753418,0.2796902656555176
53,0.3165881633758545,0.5965821743011475,-0.733260989189148,0.16170252859592438,-0.1915687769651413,-0.36094000935554504,1.0,1.0,0.0,0.0,1.0,0.0,0.0,1.0,0.0,1.0,1.0,1.0,0.0,0.0,0.0,0.0,0.0,1.0,0.0,0.009661407209932804,3.959215041,5.643039096,1.6838240549999997,4.216493606567383,-2.5326695442199707
54,0.2949720323085785,-0.20294594764709473,-0.3608979880809784,-0.8796060085296631,0.12101723253726959,-1.0234023332595825,0.0,0.0,1.0,1.0,0.0,0.0,0.0,2.0,0.0,1.0,0.0,1.0,0.0,0.0,0.0,0.0,0.0,0.0,1.0,0.6778233051300049,1.469327456,6.8685617379999995,5.399234281999999,5.4453325271606445,-0.04609823226928711
55,0.1436590552330017,-0.20294594764709473,-0.3608979880809784,1.2030110359191895,-0.3166031837463379,2.288909435272217,1.0,0.0,1.0,0.0,1.0,0.0,0.0,1.0,0.0,1.0,1.0,1.0,0.0,1.0,0.0,0.0,0.0,0.0,0.0,0.06829436123371124,7.0451858220000005,8.243871037,1.1986852149999994,3.611257553100586,-2.4125723838806152
56,-0.46159279346466064,0.19681812822818756,0.7561909556388855,-0.8796060085296631,1.1838096380233765,-0.8577867746353149,1.0,0.0,0.0,0.0,1.0,0.0,1.0,2.0,1.0,1.0,1.0,1.0,0.0,0.0,0.0,0.0,0.0,0.0,0.0,0.20401984453201294,1.570416883,6.180627771,4.610210888,4.997177600860596,-0.3869667053222656
57,-0.18058300018310547,-0.20294594764709473,-1.8503499031066895,-0.8796060085296631,1.3088440895080566,-0.029708821326494217,1.0,0.0,1.0,0.0,1.0,0.0,0.0,2.0,0.0,1.0,1.0,1.0,0.0,0.0,0.0,0.0,0.0,0.0,1.0,0.14884668588638306,1.673173587,6.498149728,4.824976141,3.0908138751983643,1.7341620922088623
58,1.0947691202163696,0.9963462352752686,-1.4779869318008423,-0.8796060085296631,0.7461892366409302,2.288909435272217,1.0,0.0,1.0,0.0,0.0,0.0,0.0,2.0,1.0,1.0,1.0,1.0,0.0,0.0,0.0,0.0,0.0,0.0,1.0,0.20918962359428406,6.208154812999999,10.17100383,3.962849017000001,0.5694284439086914,3.393420457839966
59,1.246082067489624,1.3961102962493896,-1.4779869318008423,2.244319438934326,-0.3791203796863556,0.3015223741531372,1.0,0.0,1.0,0.0,0.0,1.0,1.0,1.0,0.0,1.0,1.0,1.0,0.0,0.0,0.0,0.0,0.0,0.0,0.0,0.3873618543148041,0.8796460909999999,5.697233002999999,4.817586911999999,2.625563144683838,2.192023754119873
60,0.7272947430610657,1.3961102962493896,-0.3608979880809784,1.2030110359191895,-0.3166031837463379,0.7983691692352295,0.0,0.0,1.0,1.0,0.0,0.0,0.0,1.0,0.0,1.0,0.0,1.0,0.0,0.0,0.0,0.0,0.0,1.0,0.0,0.0476653017103672,3.182114013,5.342470605,2.160356592,1.0499436855316162,1.110412836074829
61,-1.3046221733093262,-1.402238130569458,1.1285539865493774,0.16170252859592438,0.4336032569408417,-0.8577867746353149,1.0,0.0,1.0,1.0,0.0,0.0,0.0,1.0,0.0,1.0,0.0,1.0,0.0,0.0,0.0,0.0,0.0,1.0,0.0,0.01439201831817627,2.26443623,5.058128381,2.7936921510000006,4.147676944732666,-1.3539848327636719
62,0.6408302187919617,-0.20294594764709473,-1.4779869318008423,0.16170252859592438,-2.5672223567962646,0.4671379625797272,0.0,0.0,0.0,0.0,1.0,0.0,0.0,1.0,0.0,1.0,1.0,1.0,0.0,0.0,0.0,1.0,0.0,0.0,0.0,0.18347753584384918,2.395855112,5.492225853,3.096370741,3.4984662532806396,-0.4020955562591553
63,-1.3262382745742798,-1.002474069595337,0.38382798433303833,2.244319438934326,1.1838096380233765,0.13590677082538605,1.0,0.0,0.0,0.0,1.0,0.0,1.0,1.0,0.0,1.0,1.0,1.0,1.0,0.0,0.0,0.0,0.0,0.0,0.0,0.09611132740974426,2.955572985,6.238281089,3.282708104,3.323256492614746,-0.04054832458496094
64,-1.6720964908599854,-1.402238130569458,1.8732799291610718,2.244319438934326,0.5586376786231995,1.626447081565857,0.0,0.0,0.0,1.0,0.0,0.0,1.0,1.0,1.0,1.0,1.0,1.0,0.0,0.0,0.0,0.0,0.0,1.0,0.0,0.022482115775346756,8.581096083,7.829016900000001,-0.7520791829999993,0.5052475929260254,-1.2573268413543701
65,-0.20219914615154266,-0.20294594764709473,-0.733260989189148,-0.8796060085296631,1.1212924718856812,-0.36094000935554504,1.0,0.0,1.0,0.0,0.0,1.0,0.0,2.0,0.0,1.0,0.0,1.0,0.0,0.0,0.0,0.0,1.0,0.0,0.0,0.0022026486694812775,1.44741284,8.495191201,7.047778361000001,3.6469547748565674,3.4008233547210693
66,-1.0668447017669678,-0.6027100086212158,0.7561909556388855,0.16170252859592438,0.1835344433784485,0.4671379625797272,0.0,0.0,1.0,0.0,0.0,1.0,0.0,1.0,0.0,1.0,1.0,1.0,1.0,0.0,0.0,0.0,0.0,0.0,0.0,0.05159023776650429,1.770974584,5.387644697000001,3.6166701130000005,3.0252978801727295,0.5913722515106201
67,0.9326480627059937,0.5965821743011475,-1.1056239604949951,-0.8796060085296631,-0.1915687769651413,-0.6921712160110474,1.0,0.0,0.0,1.0,0.0,0.0,1.0,2.0,1.0,1.0,0.0,1.0,0.0,1.0,0.0,0.0,0.0,0.0,0.0,0.27940720319747925,3.127704352,6.35882924,3.2311248880000005,5.241781234741211,-2.0106563568115234
68,0.5759817957878113,0.9963462352752686,-0.3608979880809784,-0.8796060085296631,0.5586376786231995,0.4671379625797272,0.0,0.0,1.0,0.0,0.0,0.0,0.0,2.0,0.0,1.0,1.0,1.0,0.0,0.0,0.0,0.0,0.0,0.0,0.0,0.4937378764152527,3.552016775,6.448697629,2.896680854,1.462749719619751,1.4339311122894287
69,0.3382042944431305,0.19681812822818756,-0.3608979880809784,0.16170252859592438,-0.004017170052975416,-1.0234023332595825,0.0,0.0,0.0,1.0,0.0,0.0,0.0,1.0,0.0,1.0,1.0,1.0,0.0,0.0,0.0,0.0,0.0,1.0,0.0,0.007024652324616909,0.9482395290000001,5.760824789,4.81258526,1.9635670185089111,2.8490183353424072
70,0.8137593269348145,0.9963462352752686,-0.3608979880809784,0.16170252859592438,-0.3791203796863556,-0.36094000935554504,0.0,0.0,0.0,0.0,1.0,0.0,0.0,1.0,0.0,1.0,1.0,1.0,0.0,1.0,0.0,0.0,0.0,0.0,0.0,0.012356311082839966,1.7447671519999999,6.931438647,5.186671495000001,3.6021552085876465,1.5845160484313965
71,1.3973950147628784,1.3961102962493896,-1.4779869318008423,0.16170252859592438,0.058500032871961594,0.9639847278594971,1.0,0.0,1.0,0.0,0.0,0.0,0.0,1.0,0.0,1.0,1.0,1.0,0.0,1.0,0.0,0.0,0.0,0.0,0.0,0.0650470033288002,3.020229018,5.57194112,2.5517121019999998,2.8219797611236572,-0.2702677249908447
72,-2.1692676544189453,-2.6015303134918213,2.6180057525634766,0.16170252859592438,-0.3166031837463379,-0.6921712160110474,0.0,0.0,1.0,0.0,1.0,0.0,1.0,1.0,0.0,1.0,0.0,1.0,0.0,0.0,0.0,0.0,0.0,0.0,0.0,0.05779287964105606,2.9606600469999997,7.111208572000001,4.150548525000001,5.062104225158691,-0.9115557670593262
73,-0.22381527721881866,-0.20294594764709473,0.38382798433303833,-0.8796060085296631,-0.8167408108711243,-1.0234023332595825,1.0,0.0,0.0,1.0,0.0,0.0,1.0,2.0,0.0,1.0,0.0,1.0,0.0,1.0,0.0,0.0,0.0,0.0,0.0,0.031750716269016266,2.094914917,6.551034689,4.456119771999999,4.793435096740723,-0.33731555938720703
74,-1.7801772356033325,-1.802002191543579,1.8732799291610718,-0.8796060085296631,0.6211548447608948,-0.526555597782135,1.0,0.0,0.0,0.0,1.0,0.0,0.0,2.0,0.0,1.0,1.0,1.0,0.0,0.0,0.0,1.0,0.0,0.0,0.0,0.019066300243139267,2.011223722,7.41732078,5.406097058,3.6765828132629395,1.7295141220092773
75,-0.24543142318725586,-0.20294594764709473,0.38382798433303833,1.2030110359191895,-1.754498839378357,0.13590677082538605,1.0,0.0,1.0,0.0,1.0,0.0,1.0,1.0,0.0,1.0,1.0,1.0,0.0,0.0,0.0,0.0,0.0,0.0,1.0,0.7843011021614075,2.044122312,5.4059602270000005,3.3618379150000006,4.73866081237793,-1.3768229484558105
76,-0.31027984619140625,0.5965821743011475,-0.733260989189148,-0.8796060085296631,-1.6294643878936768,-0.19532442092895508,1.0,0.0,0.0,0.0,1.0,0.0,1.0,2.0,0.0,1.0,1.0,1.0,0.0,0.0,0.0,0.0,0.0,1.0,0.0,0.2625032961368561,2.044082322,5.09213536,3.0480530380000004,4.555689811706543,-1.5076367855072021
77,-0.46159279346466064,-0.20294594764709473,1.1285539865493774,1.2030110359191895,-1.004292368888855,-1.0234023332595825,1.0,0.0,1.0,1.0,0.0,0.0,1.0,1.0,0.0,1.0,0.0,1.0,1.0,0.0,0.0,0.0,0.0,0.0,0.0,0.3935909569263458,1.4685113459999999,5.800633052999999,4.332121707,5.680148124694824,-1.3480262756347656
78,-0.8506832718849182,-0.20294594764709473,-0.3608979880809784,-0.8796060085296631,2.0590505599975586,-1.0234023332595825,0.0,0.0,1.0,0.0,0.0,1.0,0.0,2.0,0.0,1.0,1.0,1.0,0.0,0.0,0.0,0.0,0.0,0.0,0.0,0.13599365949630737,1.1702849929999999,4.361825795,3.1915408019999996,4.013402938842773,-0.8218622207641602
79,-0.029270043596625328,-0.6027100086212158,-0.3608979880809784,-0.8796060085296631,-0.9417752027511597,-0.029708821326494217,1.0,1.0,1.0,0.0,0.0,0.0,1.0,2.0,0.0,1.0,1.0,1.0,0.0,0.0,0.0,0.0,0.0,0.0,1.0,0.5243780612945557,1.51786845,6.715587652000001,5.197719202000001,4.346263885498047,0.8514552116394043
80,1.4406273365020752,1.3961102962493896,-1.1056239604949951,0.16170252859592438,-1.5669472217559814,2.4545249938964844,0.0,0.0,1.0,0.0,0.0,0.0,0.0,1.0,0.0,1.0,1.0,1.0,0.0,0.0,0.0,0.0,0.0,0.0,1.0,0.12067916989326477,6.162800009,6.670411337000001,0.5076113280000012,1.306828498840332,-0.799217164516449
81,-1.4559351205825806,-1.002474069595337,1.5009169578552246,0.16170252859592438,-0.8792579770088196,-0.36094000935554504,1.0,0.0,1.0,0.0,1.0,0.0,0.0,1.0,1.0,1.0,1.0,1.0,0.0,0.0,0.0,0.0,0.0,0.0,0.0,0.15470877289772034,2.936527082,3.616210557,0.679683475,3.4183292388916016,-2.7386457920074463
82,-0.7858348488807678,-0.20294594764709473,0.7561909556388855,0.16170252859592438,0.6211548447608948,1.2952159643173218,0.0,0.0,0.0,0.0,0.0,0.0,1.0,1.0,1.0,0.0,0.0,1.0,0.0,1.0,0.0,0.0,0.0,0.0,0.0,0.1090380996465683,6.196468349,5.867851226,-0.3286171229999999,2.310152530670166,-2.6387696266174316
83,-1.1749253273010254,-1.2805699110031128,0.7561909556388855,0.16170252859592438,1.1212924718856812,-0.19532442092895508,1.0,0.0,1.0,0.0,1.0,0.0,0.0,1.0,0.0,1.0,1.0,1.0,0.0,0.0,0.0,0.0,0.0,0.0,1.0,0.2947700321674347,-0.030033565,5.218486974,5.248520539,3.571329116821289,1.6771912574768066
84,-0.07250232249498367,-0.20294594764709473,-0.3608979880809784,0.16170252859592438,0.3710860311985016,0.3015223741531372,1.0,0.0,1.0,0.0,1.0,0.0,0.0,1.0,1.0,1.0,1.0,1.0,0.0,0.0,0.0,0.0,1.0,0.0,0.0,0.008013017475605011,2.821132285,5.4385486929999995,2.6174164079999995,2.5698187351226807,0.047597646713256836
85,-0.569673478603363,-0.20294594764709473,-0.3608979880809784,-0.8796060085296631,0.7461892366409302,-1.1890180110931396,1.0,0.0,0.0,1.0,0.0,0.0,1.0,2.0,0.0,1.0,1.0,1.0,0.0,0.0,1.0,0.0,0.0,0.0,0.0,0.19570301473140717,1.133291641,6.5452216729999995,5.411930031999999,4.187332630157471,1.224597454071045
86,0.7272947430610657,0.19681812822818756,-1.1056239604949951,1.2030110359191895,1.371361255645752,-0.36094000935554504,0.0,0.0,1.0,1.0,0.0,0.0,1.0,1.0,1.0,1.0,0.0,1.0,0.0,0.0,0.0,0.0,1.0,0.0,0.0,0.0031466239597648382,2.574748399,6.725545416,4.150797017,1.8847739696502686,2.2660229206085205
87,0.5327495336532593,0.19681812822818756,-0.3608979880809784,-0.8796060085296631,1.9340161085128784,-1.3546335697174072,0.0,0.0,0.0,1.0,0.0,0.0,0.0,2.0,0.0,1.0,1.0,1.0,0.0,1.0,0.0,0.0,0.0,0.0,0.0,0.038277361541986465,2.405894249,6.709280672999999,4.303386423999999,2.8047375679016113,1.4986486434936523
88,-0.37512823939323425,0.22242869436740875,-0.3608979880809784,1.2030110359191895,-1.2543612718582153,-1.0234023332595825,0.0,0.0,0.0,1.0,0.0,0.0,1.0,1.0,0.0,1.0,0.0,0.0,0.0,0.0,0.0,0.0,0.0,0.0,0.0,0.32137036323547363,0.31234762,7.6415882029999995,7.329240583,6.013624668121338,1.3156161308288574
89,-2.0828030109405518,-2.2017662525177,1.5009169578552246,1.2030110359191895,-0.1915687769651413,0.13590677082538605,0.0,0.0,0.0,0.0,1.0,0.0,0.0,1.0,0.0,1.0,0.0,1.0,0.0,0.0,0.0,0.0,1.0,0.0,0.0,0.0010604403214529157,2.4336951780000002,6.271094561,3.8373993829999997,2.7451140880584717,1.092285394668579
90,-0.22381527721881866,-0.6027100086212158,-0.733260989189148,0.16170252859592438,0.3710860311985016,-1.0234023332595825,0.0,0.0,0.0,1.0,0.0,0.0,0.0,1.0,1.0,1.0,0.0,1.0,0.0,0.0,0.0,0.0,1.0,0.0,0.0,0.00022432995319832116,0.9060732709999999,6.340128462999999,5.434055191999999,3.8135058879852295,1.6205494403839111
91,0.057194504886865616,0.19681812822818756,-0.3608979880809784,0.16170252859592438,0.12101723253726959,-1.0234023332595825,1.0,0.0,1.0,1.0,0.0,0.0,0.0,1.0,0.0,1.0,0.0,1.0,0.0,0.0,0.0,0.0,0.0,1.0,0.0,0.09236191213130951,3.25830846,6.179533967999999,2.9212255079999996,2.867453098297119,0.0537724494934082
92,0.6624463796615601,0.9963462352752686,-0.733260989189148,0.16170252859592438,0.058500032871961594,-1.1890180110931396,1.0,0.0,1.0,1.0,0.0,0.0,0.0,1.0,0.0,1.0,1.0,1.0,0.0,0.0,0.0,0.0,0.0,1.0,0.0,0.08554013818502426,2.467868158,6.115569975,3.6477018169999997,3.474677085876465,0.17302465438842773
93,-1.2830060720443726,-1.402238130569458,1.1285539865493774,-0.8796060085296631,0.058500032871961594,-1.1890180110931396,1.0,0.0,0.0,0.0,1.0,0.0,0.0,2.0,0.0,1.0,0.0,1.0,1.0,0.0,0.0,0.0,0.0,0.0,0.0,0.01817062683403492,1.4407695880000002,7.528073752,6.087304164,5.289272308349609,0.7980318069458008
94,-1.2181576490402222,-1.802002191543579,2.245642900466919,-0.8796060085296631,-0.2540859878063202,0.4671379625797272,1.0,0.0,1.0,0.0,0.0,1.0,1.0,2.0,0.0,1.0,1.0,1.0,0.0,0.0,1.0,0.0,0.0,0.0,0.0,0.13353297114372253,2.771920052,7.157538444,4.385618392,3.4093129634857178,0.9763052463531494
95,-0.7858348488807678,-0.6027100086212158,1.1285539865493774,-0.8796060085296631,0.058500032871961594,-0.526555597782135,0.0,0.0,1.0,0.0,1.0,0.0,1.0,2.0,0.0,1.0,0.0,1.0,0.0,0.0,0.0,0.0,0.0,0.0,1.0,0.33664044737815857,2.70089413,6.79496918,4.09407505,5.708627700805664,-1.6145524978637695
96,-0.007653906941413879,-0.6027100086212158,-0.3608979880809784,0.16170252859592438,0.4336032569408417,-1.5202491283416748,1.0,0.0,1.0,1.0,0.0,0.0,0.0,1.0,0.0,1.0,0.0,1.0,0.0,0.0,0.0,0.0,0.0,1.0,0.0,0.01838788390159607,1.797997184,5.957573887000001,4.159576703000001,3.4819202423095703,0.6776566505432129
97,0.9866884350776672,0.19681812822818756,-0.3608979880809784,-0.8796060085296631,0.4336032569408417,-0.526555597782135,1.0,0.0,1.0,1.0,0.0,0.0,0.0,2.0,0.0,1.0,1.0,1.0,0.0,1.0,0.0,0.0,0.0,0.0,0.0,0.5069582462310791,2.997358985,6.159853657999999,3.1624946729999994,4.67807149887085,-1.5155768394470215
98,-1.2613898515701294,-0.6027100086212158,1.1285539865493774,-0.8796060085296631,1.1212924718856812,0.6327535510063171,1.0,0.0,1.0,0.0,0.0,0.0,0.0,2.0,0.0,1.0,1.0,1.0,0.0,0.0,1.0,0.0,0.0,0.0,0.0,0.30590665340423584,1.803771605,5.838865032,4.0350934270000005,3.1602604389190674,0.8748328685760498
99,1.494667649269104,0.9963462352752686,-0.733260989189148,-0.8796060085296631,0.1835344433784485,-1.5202491283416748,1.0,0.0,0.0,1.0,0.0,0.0,1.0,2.0,0.0,1.0,0.0,1.0,0.0,0.0,1.0,0.0,0.0,0.0,0.0,0.41808822751045227,1.596212494,6.540225903,4.944013409,4.412143707275391,0.5318698883056641
100,-2.0611870288848877,-2.2017662525177,2.6180057525634766,-0.8796060085296631,-0.8167408108711243,0.7983691692352295,0.0,0.0,0.0,1.0,0.0,0.0,0.0,2.0,0.0,1.0,1.0,1.0,0.0,1.0,0.0,0.0,0.0,0.0,0.0,0.027788762003183365,1.811118494,5.3357184669999995,3.5245999729999995,4.448516845703125,-0.9239168167114258
101,0.013962230645120144,0.19681812822818756,1.1285539865493774,-0.8796060085296631,-0.2540859878063202,1.792062759399414,0.0,0.0,1.0,0.0,0.0,1.0,0.0,2.0,0.0,1.0,0.0,1.0,0.0,0.0,1.0,0.0,0.0,0.0,0.0,0.18660463392734528,2.8179543380000003,7.449449467999999,4.631495129999999,4.182141304016113,0.4493536949157715
102,-1.0344204902648926,0.19681812822818756,1.1285539865493774,-0.8796060085296631,0.2460516393184662,-1.1890180110931396,0.0,0.0,0.0,1.0,0.0,0.0,0.0,2.0,0.0,1.0,1.0,1.0,0.0,0.0,1.0,0.0,0.0,0.0,0.0,0.0869128555059433,0.676259583,7.086802572000001,6.4105429890000005,3.5057239532470703,2.9048190116882324
103,0.8353754281997681,-0.6027100086212158,-0.733260989189148,-0.8796060085296631,0.5586376786231995,1.4608315229415894,1.0,0.0,0.0,0.0,0.0,0.0,0.0,2.0,0.0,1.0,1.0,1.0,0.0,0.0,0.0,0.0,0.0,0.0,1.0,0.6744999289512634,3.894750919,6.472381225,2.5776303060000005,3.7182393074035645,-1.1406090259552002
104,-1.110076904296875,-1.002474069595337,-1.1056239604949951,0.16170252859592438,1.4338785409927368,-0.8577867746353149,1.0,0.0,0.0,1.0,0.0,0.0,1.0,1.0,0.0,1.0,1.0,1.0,0.0,0.0,0.0,0.0,0.0,1.0,0.0,0.0032581526320427656,2.284806069,6.1832928979999995,3.8984868289999994,3.5422568321228027,0.3562300205230713
105,-1.7369449138641357,-1.802002191543579,0.38382798433303833,2.244319438934326,-0.6291891932487488,1.2952159643173218,0.0,0.0,0.0,1.0,0.0,0.0,1.0,1.0,1.0,1.0,1.0,1.0,1.0,0.0,0.0,0.0,0.0,0.0,0.0,0.05974842980504036,6.875856156,7.856494564,0.9806384079999999,3.830779552459717,-2.8501410484313965
106,0.3165881633758545,0.5965821743011475,-0.3608979880809784,-0.8796060085296631,0.3710860311985016,-1.1890180110931396,1.0,0.0,1.0,0.0,1.0,0.0,0.0,2.0,0.0,1.0,0.0,1.0,0.0,1.0,0.0,0.0,0.0,0.0,0.0,0.0841534212231636,1.938568293,6.221719527,4.283151234,5.373404502868652,-1.0902533531188965
107,-1.8882578611373901,-1.7043808698654175,2.245642900466919,2.244319438934326,-0.0665343701839447,0.13590677082538605,1.0,1.0,0.0,0.0,0.0,1.0,1.0,1.0,0.0,1.0,1.0,1.0,0.0,0.0,0.0,0.0,0.0,0.0,0.0,0.3466019928455353,3.208106265,5.963812065,2.7557058,4.436985969543457,-1.6812801361083984
108,1.15961754322052,0.9963462352752686,0.011464990675449371,-0.8796060085296631,-0.1290515810251236,-0.36094000935554504,1.0,0.0,1.0,0.0,0.0,1.0,0.0,2.0,0.0,1.0,0.0,1.0,0.0,1.0,0.0,0.0,0.0,0.0,0.0,0.1271696388721466,1.235664868,8.094804053999999,6.859139185999999,5.391134262084961,1.4680047035217285
109,-1.4559351205825806,-1.402238130569458,0.011464990675449371,-0.8796060085296631,0.8087064623832703,-1.5202491283416748,1.0,0.0,0.0,1.0,0.0,0.0,0.0,2.0,0.0,1.0,0.0,1.0,0.0,0.0,0.0,0.0,1.0,0.0,0.0,0.0004290828655939549,0.68615379,3.945346652,3.259192862,3.865509510040283,-0.6063165664672852
110,0.7272947430610657,0.9963462352752686,-0.733260989189148,-0.8796060085296631,-0.5666719675064087,-0.8577867746353149,1.0,0.0,1.0,1.0,0.0,0.0,0.0,2.0,0.0,1.0,0.0,1.0,0.0,0.0,1.0,0.0,0.0,0.0,0.0,0.42306438088417053,1.946579453,5.354538546000001,3.4079590930000005,3.730236530303955,-0.3222775459289551
111,-2.3205807209014893,-3.0012943744659424,1.8732799291610718,-0.8796060085296631,-0.0665343701839447,-0.526555597782135,1.0,0.0,1.0,0.0,0.0,1.0,0.0,2.0,0.0,1.0,1.0,1.0,1.0,0.0,0.0,0.0,0.0,0.0,0.0,0.016062317416071892,-0.029618395,6.94905175,6.978670145,6.027985572814941,0.9506845474243164
112,0.2301236093044281,0.19681812822818756,0.7561909556388855,1.2030110359191895,0.058500032871961594,-0.526555597782135,1.0,0.0,1.0,1.0,0.0,0.0,1.0,1.0,0.0,1.0,0.0,1.0,0.0,0.0,0.0,0.0,0.0,0.0,0.0,0.6815170645713806,1.580873142,6.371904961,4.7910318190000005,2.9736480712890625,1.8173837661743164
113,1.4838595390319824,0.9963462352752686,-0.3608979880809784,0.16170252859592438,-1.1918439865112305,-0.19532442092895508,1.0,0.0,1.0,0.0,1.0,0.0,1.0,1.0,1.0,1.0,0.0,1.0,1.0,0.0,0.0,0.0,0.0,0.0,0.0,0.6514943838119507,2.336874097,6.25688339,3.9200092929999997,5.018913269042969,-1.0989038944244385
114,1.4406273365020752,0.9963462352752686,-1.4779869318008423,-0.8796060085296631,-1.0668096542358398,1.1296002864837646,1.0,0.0,1.0,0.0,0.0,1.0,0.0,2.0,0.0,1.0,0.0,1.0,0.0,0.0,0.0,0.0,0.0,0.0,1.0,0.2604069113731384,2.430112651,6.307213592999999,3.8771009419999993,4.825540542602539,-0.9484395980834961
115,1.0515367984771729,0.5965821743011475,0.011464990675449371,0.16170252859592438,-0.7542235851287842,0.6327535510063171,0.0,0.0,1.0,0.0,1.0,0.0,1.0,1.0,0.0,1.0,1.0,1.0,0.0,0.0,0.0,0.0,0.0,0.0,1.0,0.5699482560157776,2.876607997,6.959341101000001,4.082733104000001,1.6366257667541504,2.4461073875427246
116,0.4030527174472809,0.5965821743011475,-1.1056239604949951,-0.8796060085296631,0.2460516393184662,-0.029708821326494217,1.0,0.0,1.0,0.0,0.0,1.0,0.0,2.0,0.0,1.0,1.0,1.0,1.0,0.0,0.0,0.0,0.0,0.0,0.0,0.03772861883044243,0.6762934070000001,5.192398998,4.516105591,5.113442897796631,-0.5973372459411621
117,0.10042677819728851,0.5965821743011475,0.011464990675449371,1.2030110359191895,0.1835344433784485,-0.19532442092895508,0.0,0.0,1.0,0.0,1.0,0.0,0.0,1.0,0.0,1.0,1.0,1.0,0.0,0.0,0.0,0.0,0.0,0.0,1.0,0.34601444005966187,-0.236583291,7.637190199,7.87377349,6.189124584197998,1.6846489906311035
118,0.8137593269348145,0.6019941568374634,-1.1056239604949951,-0.8796060085296631,0.4336032569408417,0.6327535510063171,0.0,0.0,1.0,0.0,0.0,1.0,0.0,2.0,0.0,1.0,0.0,1.0,0.0,0.0,0.0,0.0,0.0,0.0,0.0,0.6194218993186951,1.49566124,6.219146227,4.723484987000001,3.915351152420044,0.8081338405609131
119,0.2517397403717041,0.07968643307685852,0.7561909556388855,-0.8796060085296631,-0.1915687769651413,-0.19532442092895508,0.0,0.0,1.0,0.0,1.0,0.0,0.0,2.0,0.0,1.0,1.0,1.0,0.0,0.0,0.0,0.0,0.0,0.0,1.0,0.5203678607940674,0.129383572,3.210085191,3.080701619,3.378469467163086,-0.29776787757873535
120,-2.0828030109405518,-2.2017662525177,1.5009169578552246,1.2030110359191895,0.2460516393184662,0.13590677082538605,1.0,0.0,0.0,0.0,1.0,0.0,0.0,1.0,0.0,1.0,1.0,1.0,0.0,0.0,0.0,1.0,0.0,0.0,0.0,0.023698586970567703,2.088063119,7.389009627,5.300946508,4.679196357727051,0.6217503547668457
121,-1.7369449138641357,-3.4010584354400635,1.1285539865493774,-0.8796060085296631,-0.1290515810251236,-0.8577867746353149,0.0,0.0,0.0,1.0,0.0,0.0,1.0,2.0,0.0,1.0,0.0,1.0,0.0,0.0,0.0,0.0,0.0,1.0,0.0,0.00699243601411581,1.17960023,5.95847161,4.77887138,5.73411750793457,-0.9552459716796875
122,1.1812336444854736,0.19681812822818756,-1.4779869318008423,0.16170252859592438,0.7461892366409302,0.4671379625797272,0.0,0.0,0.0,0.0,1.0,0.0,0.0,1.0,0.0,1.0,1.0,1.0,0.0,0.0,0.0,0.0,0.0,0.0,0.0,0.010825512930750847,1.84258309,4.949536909,3.106953819,3.3013863563537598,-0.19443249702453613
123,-1.5856319665908813,-1.402238130569458,1.1285539865493774,-0.8796060085296631,-0.8792579770088196,-1.0234023332595825,1.0,0.0,0.0,1.0,0.0,0.0,1.0,2.0,1.0,1.0,1.0,1.0,1.0,0.0,0.0,0.0,0.0,0.0,0.0,0.05292975530028343,0.9520024220000001,6.946099812000001,5.99409739,5.7572526931762695,0.23684453964233398
124,-0.7426025867462158,-0.6027100086212158,0.7561909556388855,0.16170252859592438,-0.7542235851287842,0.4671379625797272,1.0,0.0,1.0,0.0,1.0,0.0,0.0,1.0,0.0,1.0,0.0,1.0,0.0,0.0,1.0,0.0,0.0,0.0,0.0,0.23623928427696228,2.282722024,6.173508426000001,3.8907864020000007,2.325622320175171,1.5651640892028809
125,-2.298964500427246,-0.6636423468589783,2.245642900466919,-0.8796060085296631,-0.1915687769651413,0.9639847278594971,0.0,0.0,1.0,0.0,0.0,0.0,1.0,2.0,0.0,1.0,1.0,1.0,0.0,0.0,1.0,0.0,0.0,0.0,0.0,0.07742425054311752,1.267666902,5.184312515,3.916645613,3.2356760501861572,0.6809694766998291
126,1.1380014419555664,0.19681812822818756,0.011464990675449371,-0.8796060085296631,-0.6917064189910889,-1.5202491283416748,1.0,0.0,0.0,1.0,0.0,0.0,0.0,2.0,0.0,1.0,0.0,1.0,0.0,0.0,0.0,0.0,1.0,0.0,0.0,0.00897538848221302,0.08959562,4.2696625489999995,4.180066929,3.283291816711426,0.8967752456665039
127,1.4622434377670288,1.7958743572235107,-0.3608979880809784,1.2030110359191895,-1.1293268203735352,-1.1890180110931396,0.0,0.0,0.0,1.0,0.0,0.0,0.0,1.0,0.0,1.0,0.0,1.0,0.0,0.0,0.0,1.0,0.0,0.0,0.0,0.016418004408478737,2.300186474,7.296958477,4.996772003,3.205183267593384,1.791588544845581
128,1.073153018951416,0.19681812822818756,-0.3608979880809784,-0.8796060085296631,-0.6291891932487488,0.7983691692352295,0.0,0.0,1.0,0.0,0.0,1.0,0.0,2.0,0.0,1.0,1.0,1.0,0.0,0.0,0.0,0.0,0.0,0.0,1.0,0.5724740624427795,3.573685474,6.162615456,2.5889299820000002,4.86104679107666,-2.2721168994903564
129,0.6840624809265137,0.5965821743011475,-0.3608979880809784,0.16170252859592438,-0.8792579770088196,-0.19532442092895508,0.0,0.0,1.0,0.0,0.0,1.0,0.0,1.0,0.0,1.0,1.0,1.0,1.0,0.0,0.0,0.0,0.0,0.0,0.0,0.09717532247304916,2.1430213080000002,6.561483355,4.418462047,4.7583160400390625,-0.33985376358032227
130,-1.023612380027771,-0.20294594764709473,1.1285539865493774,0.16170252859592438,-0.8167408108711243,0.4671379625797272,0.0,0.0,1.0,0.0,1.0,0.0,1.0,1.0,0.0,1.0,1.0,1.0,0.0,0.0,0.0,0.0,0.0,0.0,0.0,0.44006654620170593,2.839737786,6.511126606,3.67138882,2.871870756149292,0.7995181083679199
131,0.1868913322687149,1.0844204425811768,0.011464990675449371,0.16170252859592438,-0.5666719675064087,-0.029708821326494217,0.0,0.0,1.0,0.0,1.0,0.0,1.0,1.0,0.0,1.0,0.0,1.0,0.0,0.0,0.0,0.0,0.0,0.0,0.0,0.556821346282959,1.653082599,6.932685869,5.27960327,2.255774736404419,3.0238287448883057
132,-1.3694705963134766,-1.802002191543579,0.7561909556388855,0.16170252859592438,-0.4416375756263733,0.3015223741531372,0.0,0.0,1.0,0.0,0.0,1.0,1.0,1.0,1.0,1.0,1.0,1.0,0.0,0.0,0.0,0.0,1.0,0.0,0.0,0.007152047008275986,4.4557399580000006,7.3534204889999994,2.897680530999999,3.4110896587371826,-0.5134091377258301
133,-2.1908838748931885,-2.6015303134918213,2.6180057525634766,2.244319438934326,-0.9417752027511597,2.123293876647949,0.0,0.0,1.0,0.0,0.0,1.0,0.0,1.0,0.0,1.0,1.0,1.0,0.0,0.0,1.0,0.0,0.0,0.0,0.0,0.03951689228415489,5.031780025,7.084701916,2.0529218910000004,4.843329906463623,-2.790408134460449
134,1.3109304904937744,0.9963462352752686,-1.1056239604949951,-0.8796060085296631,0.4961204528808594,-1.685864806175232,1.0,0.0,0.0,1.0,0.0,0.0,0.0,2.0,0.0,1.0,1.0,1.0,0.0,0.0,0.0,0.0,0.0,0.0,0.0,0.19068877398967743,2.249979707,4.49775614,2.247776433,4.417765140533447,-2.1699886322021484
135,0.8786077499389648,0.5965821743011475,-0.3608979880809784,0.16170252859592438,-0.8792579770088196,1.2952159643173218,1.0,0.0,1.0,0.0,1.0,0.0,0.0,1.0,0.0,1.0,1.0,1.0,1.0,0.0,0.0,0.0,0.0,0.0,0.0,0.5808387994766235,3.044713181,6.048466754,3.0037535729999996,3.0969741344451904,-0.09322047233581543
136,0.7921431660652161,0.9963462352752686,-1.1056239604949951,2.244319438934326,0.5586376786231995,-0.19532442092895508,0.0,0.0,1.0,0.0,0.0,1.0,0.0,1.0,0.0,1.0,1.0,1.0,0.0,0.0,0.0,0.0,0.0,1.0,0.0,0.008771837688982487,2.7476849789999997,6.157087149,3.40940217,3.0304927825927734,0.3789093494415283
137,-0.15896686911582947,-0.6027100086212158,-0.3608979880809784,-0.8796060085296631,1.4338785409927368,-0.8577867746353149,1.0,0.0,0.0,1.0,0.0,0.0,1.0,2.0,0.0,1.0,0.0,1.0,1.0,0.0,0.0,0.0,0.0,0.0,0.0,0.12397213280200958,1.593343942,5.24303327,3.649689328,6.1924824714660645,-2.542793035507202
138,0.2733558714389801,-0.20294594764709473,-0.3608979880809784,1.2030110359191895,0.12101723253726959,-0.029708821326494217,1.0,1.0,1.0,1.0,0.0,0.0,0.0,1.0,0.0,1.0,1.0,1.0,0.0,0.0,0.0,0.0,0.0,1.0,0.0,0.07718323916196823,2.3709654369999997,6.867284299,4.496318862,1.798363447189331,2.697955369949341
139,0.8137593269348145,0.5965821743011475,0.011464990675449371,0.16170252859592438,0.1835344433784485,-0.8577867746353149,0.0,0.0,0.0,0.0,1.0,0.0,0.0,1.0,0.0,1.0,0.0,1.0,0.0,0.0,0.0,0.0,0.0,1.0,0.0,0.005972109269350767,0.3112368,6.550791171,6.2395543710000005,4.329553127288818,1.910001277923584
140,-0.35351210832595825,0.19681812822818756,-0.3608979880809784,-0.8796060085296631,0.3710860311985016,-0.8577867746353149,1.0,0.0,0.0,0.0,1.0,0.0,1.0,2.0,0.0,1.0,1.0,1.0,0.0,0.0,0.0,0.0,1.0,0.0,0.0,0.006999005097895861,3.1547358169999997,6.396776762999999,3.2420409459999995,4.152134895324707,-0.9100940227508545
141,0.6321837902069092,0.9963462352752686,-0.3608979880809784,0.16170252859592438,-0.0665343701839447,-0.6921712160110474,1.0,0.0,0.0,0.0,0.0,1.0,1.0,1.0,0.0,1.0,1.0,1.0,0.0,0.0,0.0,0.0,0.0,1.0,0.0,0.1266031265258789,0.601225887,5.655027117,5.05380123,3.522467613220215,1.5313334465026855
142,-0.41836053133010864,-0.6027100086212158,0.011464990675449371,1.2030110359191895,-0.4416375756263733,-0.6921712160110474,0.0,0.0,1.0,0.0,1.0,0.0,0.0,1.0,0.0,1.0,0.0,1.0,0.0,0.0,0.0,0.0,0.0,1.0,0.0,0.056854333728551865,1.480014982,6.200937119,4.720922137,5.206373691558838,-0.48545169830322266
143,1.5054757595062256,0.9963462352752686,-0.3608979880809784,-0.8796060085296631,-0.1290515810251236,0.13590677082538605,1.0,0.0,0.0,1.0,0.0,0.0,0.0,2.0,0.0,1.0,1.0,1.0,0.0,1.0,0.0,0.0,0.0,0.0,0.0,0.7739965319633484,1.568483324,6.383666846000001,4.815183522000001,4.292496204376221,0.5226874351501465
144,1.2028497457504272,0.5965821743011475,-1.4779869318008423,-0.8796060085296631,-1.9420504570007324,1.2952159643173218,0.0,0.0,1.0,0.0,0.0,0.0,0.0,2.0,1.0,1.0,1.0,1.0,0.0,0.0,0.0,0.0,0.0,0.0,1.0,0.4748740494251251,4.632189989,8.218505856,3.5863158670000006,2.7997632026672363,0.7865526676177979
145,-0.24543142318725586,-0.20294594764709473,-0.3608979880809784,-0.8796060085296631,0.4961204528808594,-0.6921712160110474,1.0,0.0,0.0,0.0,0.0,1.0,1.0,2.0,0.0,1.0,1.0,1.0,0.0,0.0,1.0,0.0,0.0,0.0,0.0,0.20349176228046417,2.447780028,4.541891368,2.09411134,4.047478675842285,-1.9533672332763672
146,-0.9155316948890686,-1.402238130569458,1.1285539865493774,1.2030110359191895,-0.6917064189910889,0.3015223741531372,1.0,0.0,0.0,1.0,0.0,0.0,1.0,1.0,0.0,1.0,0.0,1.0,0.0,0.0,0.0,1.0,0.0,0.0,0.0,0.11013908684253693,2.257818103,4.368622963,2.11080486,1.0225913524627686,1.0882134437561035
147,-0.31027984619140625,-0.20294594764709473,1.5009169578552246,0.16170252859592438,-0.1915687769651413,0.4671379625797272,1.0,0.0,1.0,0.0,0.0,0.0,0.0,1.0,1.0,1.0,1.0,1.0,0.0,0.0,1.0,0.0,0.0,0.0,0.0,0.36591556668281555,2.47727284,6.727196833,4.2499239929999995,3.204991102218628,1.0449330806732178
148,-1.9531062841415405,-1.802002191543579,2.245642900466919,0.16170252859592438,-0.8792579770088196,0.9639847278594971,1.0,1.0,1.0,0.0,0.0,0.0,0.0,1.0,0.0,1.0,1.0,1.0,0.0,0.0,0.0,0.0,1.0,0.0,0.0,0.021671580150723457,2.4941756369999997,7.50820426,5.014028623000001,3.422508478164673,1.591520071029663
149,-1.110076904296875,-1.402238130569458,0.38382798433303833,-0.8796060085296631,-0.0665343701839447,-1.5202491283416748,0.0,0.0,0.0,1.0,0.0,0.0,1.0,2.0,0.0,0.0,0.0,1.0,0.0,0.0,0.0,0.0,0.0,1.0,0.0,0.03352571278810501,0.8798963009999999,5.6222273970000005,4.742331096000001,3.712113857269287,1.030217170715332
