,X1,X2,X3,X4,X5,X6,X7,X8,X9,X10,X11,X12,X13,X14,X15,X16,X17,X18,X19,X20,X21,X22,X23,X24,X25,ps_score,factual,counter_factual,true_ITE,predicted_ITE,diff
0,0.6408302187919617,0.5965821743011475,-0.3608979880809784,1.2030110359191895,-0.9417752027511597,-0.36094000935554504,0.0,0.0,1.0,0.0,1.0,0.0,1.0,1.0,1.0,1.0,0.0,1.0,0.0,0.0,0.0,0.0,0.0,1.0,0.0,0.161891907453537,6.857319052,2.743202632,4.11411642,2.9267807006835938,1.18733549118042
1,-0.059532638639211655,-0.6027100086212158,-0.3608979880809784,0.16170252859592438,-1.004292368888855,-0.36094000935554504,0.0,0.0,1.0,0.0,1.0,0.0,0.0,1.0,0.0,1.0,1.0,1.0,1.0,0.0,0.0,0.0,0.0,0.0,0.0,0.02671949192881584,9.066117627999999,1.9966520730000001,7.069465554999999,4.193249702453613,2.876215934753418
2,-0.9155316948890686,0.19681812822818756,0.7561909556388855,-0.8796060085296631,0.5586376786231995,1.1296002864837646,1.0,0.0,0.0,1.0,0.0,0.0,0.0,2.0,0.0,1.0,1.0,1.0,0.0,0.0,0.0,0.0,0.0,0.0,0.0,0.521104097366333,7.840511136,3.856242946,3.98426819,4.199135780334473,-0.21486759185791016
3,1.3433547019958496,1.7958743572235107,-1.1056239604949951,-0.8796060085296631,-0.6917064189910889,0.7983691692352295,1.0,0.0,1.0,0.0,0.0,0.0,0.0,2.0,1.0,1.0,1.0,1.0,0.0,0.0,1.0,0.0,0.0,0.0,0.0,0.14668522775173187,7.647942485,4.740757133,2.907185352,3.802152156829834,-0.8949668407440186
4,-0.03791650012135506,0.5965821743011475,0.38382798433303833,0.16170252859592438,-3.567497730255127,-0.029708821326494217,0.0,0.0,1.0,0.0,0.0,0.0,0.0,1.0,0.0,1.0,1.0,1.0,1.0,0.0,0.0,0.0,0.0,0.0,0.0,0.3464881479740143,5.309168324,2.106966265,3.2022020589999998,4.835378646850586,-1.633176565170288
5,0.1436590552330017,0.9963462352752686,-0.3608979880809784,0.16170252859592438,0.2460516393184662,-1.3546335697174072,0.0,1.0,0.0,1.0,0.0,0.0,0.0,1.0,0.0,1.0,0.0,1.0,0.0,1.0,0.0,0.0,0.0,0.0,0.0,0.012612039223313332,6.3073764820000005,0.8027139990000001,5.504662483000001,3.2712578773498535,2.2334046363830566
6,0.8137593269348145,0.5965821743011475,-0.3608979880809784,-0.8796060085296631,-0.7542235851287842,0.6327535510063171,1.0,0.0,1.0,1.0,0.0,0.0,0.0,2.0,0.0,1.0,0.0,1.0,1.0,0.0,0.0,0.0,0.0,0.0,0.0,0.47835490107536316,5.2382062430000005,2.198745096,3.0394611470000004,4.6500244140625,-1.6105632781982422
7,-0.8722994327545166,-0.6027100086212158,0.7561909556388855,-0.8796060085296631,1.1838096380233765,1.2952159643173218,1.0,0.0,1.0,0.0,0.0,1.0,0.0,2.0,0.0,1.0,0.0,1.0,0.0,0.0,0.0,0.0,0.0,0.0,1.0,0.5568336844444275,7.131295804,2.9661324039999997,4.1651634,4.2916975021362305,-0.12653398513793945
8,0.7597189545631409,0.5965821743011475,0.38382798433303833,-0.8796060085296631,-0.3791203796863556,-0.36094000935554504,1.0,0.0,0.0,0.0,1.0,0.0,0.0,2.0,0.0,1.0,1.0,1.0,0.0,0.0,1.0,0.0,0.0,0.0,0.0,0.7076169848442078,6.871173584,0.18979355,6.681380034,4.448772430419922,2.232607841491699
9,-0.28866368532180786,0.19681812822818756,-0.3608979880809784,0.16170252859592438,0.6211548447608948,0.4671379625797272,1.0,1.0,1.0,0.0,1.0,0.0,0.0,1.0,0.0,1.0,1.0,1.0,0.0,0.0,0.0,0.0,0.0,0.0,1.0,0.06396925449371338,7.748988634,5.146076948,2.6029116859999997,3.775439977645874,-1.1725282669067383
10,-0.5480573177337646,-0.20294594764709473,-0.3608979880809784,-0.8796060085296631,0.6836720705032349,-0.19532442092895508,0.0,0.0,0.0,0.0,0.0,1.0,1.0,2.0,0.0,1.0,1.0,1.0,0.0,0.0,0.0,0.0,0.0,0.0,1.0,0.3954671323299408,5.977711981000001,0.6241319439999999,5.353580037,5.2806715965271,0.07290840148925781
11,-0.39674437046051025,-0.6027100086212158,0.7561909556388855,-0.8796060085296631,-1.4419127702713013,-0.029708821326494217,0.0,0.0,1.0,1.0,0.0,0.0,0.0,2.0,0.0,1.0,1.0,1.0,0.0,0.0,0.0,0.0,0.0,0.0,1.0,0.44177213311195374,7.6301861539999996,2.4824421969999997,5.147743956999999,4.672966480255127,0.4747776985168457
12,-1.358662486076355,-1.402238130569458,1.1285539865493774,2.244319438934326,-0.8792579770088196,-0.19532442092895508,0.0,0.0,1.0,0.0,1.0,0.0,1.0,1.0,0.0,1.0,1.0,1.0,0.0,0.0,1.0,0.0,0.0,0.0,0.0,0.16296875476837158,7.065180784,2.598881767,4.466299017,4.509062767028809,-0.042763710021972656
13,1.15961754322052,0.5965821743011475,-0.3608979880809784,0.16170252859592438,0.6836720705032349,-0.8577867746353149,1.0,0.0,1.0,1.0,0.0,0.0,1.0,1.0,0.0,1.0,0.0,1.0,0.0,0.0,0.0,0.0,0.0,0.0,1.0,0.6948351860046387,5.5134461329999995,1.148107746,4.3653383869999995,3.68741512298584,0.6779232025146484
14,-1.2181576490402222,-0.6027100086212158,1.5009169578552246,-0.8796060085296631,-0.3791203796863556,-0.8577867746353149,0.0,0.0,0.0,0.0,1.0,0.0,0.0,2.0,0.0,0.0,1.0,1.0,0.0,0.0,0.0,0.0,0.0,0.0,1.0,0.3225981295108795,5.47158732,2.2576000659999997,3.2139872540000005,3.921363592147827,-0.70737624168396
15,0.07881063967943192,0.19681812822818756,0.38382798433303833,0.16170252859592438,-0.5041548013687134,0.9639847278594971,0.0,0.0,1.0,0.0,1.0,0.0,1.0,1.0,0.0,0.0,1.0,1.0,0.0,0.0,0.0,0.0,0.0,0.0,1.0,0.3975944221019745,6.50768074,2.2072913130000003,4.300389426999999,1.7650432586669922,2.535346031188965
16,-0.43997666239738464,-0.20294594764709473,0.011464990675449371,0.16170252859592438,1.371361255645752,2.620140790939331,1.0,0.0,1.0,0.0,0.0,1.0,0.0,1.0,0.0,1.0,1.0,1.0,0.0,0.0,0.0,0.0,0.0,0.0,0.0,0.33849403262138367,7.517205811,6.19485432,1.322351491,1.9848756790161133,-0.6625242233276367
17,0.7272947430610657,0.5965821743011475,-0.733260989189148,-0.8796060085296631,0.4336032569408417,-0.36094000935554504,0.0,0.0,1.0,0.0,0.0,1.0,1.0,2.0,0.0,1.0,1.0,1.0,0.0,0.0,0.0,0.0,0.0,0.0,1.0,0.16640079021453857,6.084254908999999,0.81261836,5.271636548999999,4.571362495422363,0.7002739906311035
18,1.5054757595062256,1.3961102962493896,-0.3608979880809784,0.16170252859592438,-0.5041548013687134,-0.029708821326494217,1.0,0.0,1.0,1.0,0.0,0.0,0.0,1.0,0.0,1.0,1.0,1.0,1.0,0.0,0.0,0.0,0.0,0.0,0.0,0.5597769021987915,7.417732895,3.308213914,4.109518981000001,4.653719902038574,-0.5442008972167969
19,-0.03791650012135506,0.5965821743011475,0.38382798433303833,-0.8796060085296631,0.2460516393184662,1.792062759399414,1.0,0.0,1.0,0.0,0.0,0.0,1.0,2.0,0.0,1.0,1.0,1.0,0.0,0.0,1.0,0.0,0.0,0.0,0.0,0.44461873173713684,4.750248374,3.8340638639999995,0.9161845100000003,3.5880751609802246,-2.6718907356262207
20,1.4406273365020752,0.19681812822818756,-1.1056239604949951,-0.8796060085296631,-0.3166031837463379,0.4671379625797272,0.0,0.0,1.0,0.0,0.0,1.0,0.0,2.0,0.0,1.0,1.0,1.0,0.0,0.0,0.0,0.0,0.0,0.0,0.0,0.11169973015785217,7.170125922,1.4773849190000001,5.692741003,4.0989532470703125,1.593787670135498
21,-1.4559351205825806,-0.6027100086212158,0.38382798433303833,0.16170252859592438,0.2460516393184662,-0.526555597782135,1.0,1.0,1.0,0.0,1.0,0.0,0.0,1.0,0.0,1.0,1.0,1.0,0.0,0.0,0.0,0.0,0.0,1.0,0.0,0.004551851190626621,7.317335577000001,0.824838595,6.4924969820000005,4.710963726043701,1.7815332412719727
22,1.3109304904937744,1.3961102962493896,-1.4779869318008423,1.2030110359191895,-0.5666719675064087,-0.8577867746353149,0.0,0.0,1.0,1.0,0.0,0.0,1.0,1.0,1.0,1.0,0.0,1.0,1.0,0.0,0.0,0.0,0.0,0.0,0.0,0.3231819272041321,5.042679691,2.361596761,2.68108293,4.7006731033325195,-2.019590139389038
23,-0.7858348488807678,-0.6027100086212158,1.1285539865493774,-0.8796060085296631,0.058500032871961594,-0.526555597782135,0.0,0.0,1.0,0.0,1.0,0.0,1.0,2.0,0.0,1.0,0.0,1.0,0.0,0.0,0.0,0.0,0.0,0.0,1.0,0.47193190455436707,2.70089413,6.79496918,4.09407505,4.379290580749512,-0.2852153778076172
24,0.10042677819728851,0.19681812822818756,0.7561909556388855,0.16170252859592438,-1.4419127702713013,-0.6921712160110474,0.0,0.0,1.0,0.0,0.0,1.0,1.0,1.0,1.0,1.0,0.0,1.0,0.0,0.0,1.0,0.0,0.0,0.0,0.0,0.16577774286270142,4.490539842,6.535752546,2.0452127040000008,3.736103057861328,-1.6908903121948242
25,0.5759817957878113,0.9963462352752686,-0.3608979880809784,-0.8796060085296631,0.5586376786231995,0.4671379625797272,0.0,0.0,1.0,0.0,0.0,0.0,0.0,2.0,0.0,1.0,1.0,1.0,0.0,0.0,0.0,0.0,0.0,0.0,0.0,0.6386160850524902,3.552016775,6.448697629,2.896680854,3.7904598712921143,-0.8937790393829346
26,0.8786077499389648,0.19681812822818756,-1.1056239604949951,2.244319438934326,0.4336032569408417,-0.19532442092895508,0.0,0.0,1.0,0.0,1.0,0.0,0.0,1.0,0.0,1.0,0.0,1.0,0.0,0.0,0.0,1.0,0.0,0.0,0.0,0.0224324781447649,-0.044151152,6.4700152,6.514166352,2.9746456146240234,3.539520740509033
27,-2.298964500427246,-1.402238130569458,1.5009169578552246,-0.8796060085296631,-2.9423255920410156,1.4608315229415894,1.0,0.0,1.0,0.0,0.0,0.0,0.0,2.0,0.0,1.0,0.0,1.0,0.0,0.0,1.0,0.0,0.0,0.0,0.0,0.71440190076828,2.632686363,7.226211939,4.593525575999999,3.989077568054199,0.6044478416442871
28,0.8137593269348145,0.9963462352752686,-1.1056239604949951,0.16170252859592438,0.9337408542633057,2.288909435272217,0.0,0.0,1.0,0.0,0.0,0.0,0.0,1.0,1.0,1.0,1.0,1.0,0.0,0.0,0.0,0.0,0.0,0.0,0.0,0.2509970963001251,7.155599037999999,7.875369697000001,0.7197706590000017,0.2378225326538086,0.4819481372833252
29,-1.5640158653259277,-1.802002191543579,1.5009169578552246,-0.8796060085296631,0.7461892366409302,0.6327535510063171,1.0,0.0,1.0,0.0,0.0,0.0,0.0,2.0,1.0,1.0,1.0,1.0,0.0,0.0,0.0,0.0,0.0,0.0,0.0,0.10434716194868088,2.8472159880000003,6.877322477000001,4.0301064890000005,4.1436543464660645,-0.11354780197143555
30,-0.41836053133010864,0.19681812822818756,-1.4779869318008423,1.2030110359191895,-0.2540859878063202,0.6327535510063171,0.0,0.0,0.0,1.0,0.0,0.0,1.0,1.0,1.0,1.0,0.0,1.0,0.0,0.0,0.0,1.0,0.0,0.0,0.0,0.021291445940732956,4.1972639130000005,7.50961392,3.312350006999999,2.9834794998168945,0.3288705348968506
31,-0.7858348488807678,-0.6027100086212158,0.011464990675449371,0.16170252859592438,0.3710860311985016,-1.1890180110931396,0.0,0.0,0.0,1.0,0.0,0.0,1.0,1.0,1.0,0.0,0.0,1.0,0.0,0.0,0.0,0.0,1.0,0.0,0.0,0.0013444473734125495,1.8796357259999998,7.711458925,5.831823199,2.643744945526123,3.1880784034729004
32,-0.33189597725868225,-0.20294594764709473,0.7561909556388855,0.16170252859592438,0.9962580800056458,0.7983691692352295,1.0,0.0,0.0,0.0,0.0,1.0,0.0,1.0,0.0,1.0,0.0,1.0,0.0,1.0,0.0,0.0,0.0,0.0,0.0,0.08431580662727356,1.589367124,6.646850571,5.057483447,3.7456858158111572,1.311797857284546
33,0.1652752012014389,0.19681812822818756,0.011464990675449371,0.16170252859592438,0.8087064623832703,-0.029708821326494217,0.0,0.0,0.0,0.0,1.0,0.0,0.0,1.0,0.0,1.0,1.0,1.0,0.0,0.0,0.0,0.0,0.0,0.0,1.0,0.14456307888031006,0.677101301,7.061749961,6.38464866,3.61384916305542,2.7707996368408203
34,1.0083045959472656,1.3961102962493896,-1.1056239604949951,2.244319438934326,1.1212924718856812,1.2952159643173218,1.0,0.0,1.0,1.0,0.0,0.0,1.0,1.0,0.0,0.0,1.0,1.0,0.0,0.0,0.0,0.0,0.0,0.0,1.0,0.5504631996154785,2.945358037,7.30747543,4.362117393,2.322053909301758,2.0400633811950684
35,-0.5480573177337646,-0.6027100086212158,1.1285539865493774,-0.8796060085296631,-0.6917064189910889,0.3015223741531372,1.0,0.0,1.0,0.0,0.0,1.0,0.0,2.0,0.0,1.0,1.0,1.0,0.0,0.0,1.0,0.0,0.0,0.0,0.0,0.23033149540424347,1.498773141,6.874098678999999,5.375325537999999,4.732271671295166,0.6430540084838867
36,-1.8017933368682861,-1.402238130569458,1.8732799291610718,0.16170252859592438,-1.0668096542358398,0.7983691692352295,0.0,0.0,1.0,0.0,0.0,0.0,0.0,1.0,0.0,1.0,0.0,1.0,0.0,0.0,0.0,0.0,0.0,0.0,0.0,0.10835899412631989,3.161536818,5.216140307,2.054603489,3.077923059463501,-1.0233194828033447
37,-0.31027984619140625,0.19681812822818756,0.7561909556388855,2.244319438934326,0.7461892366409302,0.7983691692352295,0.0,0.0,0.0,0.0,1.0,0.0,1.0,1.0,1.0,1.0,1.0,0.0,0.0,0.0,0.0,0.0,0.0,0.0,0.0,0.0729101374745369,6.932993956000001,6.905422692999999,-0.027571263000001345,0.9511756896972656,-0.9787469506263733
38,-1.8666417598724365,-1.402238130569458,0.011464990675449371,-0.8796060085296631,2.30911922454834,-0.8577867746353149,1.0,0.0,1.0,1.0,0.0,0.0,1.0,2.0,0.0,1.0,1.0,1.0,0.0,0.0,0.0,0.0,0.0,0.0,1.0,0.39814823865890503,0.858432138,6.363141217000001,5.504709079000001,6.257019519805908,-0.7523102760314941
39,-1.9963386058807373,-1.802002191543579,1.8732799291610718,-0.8796060085296631,-0.004017170052975416,-1.685864806175232,1.0,0.0,0.0,1.0,0.0,0.0,1.0,2.0,0.0,0.0,0.0,1.0,0.0,0.0,0.0,1.0,0.0,0.0,0.0,0.07235141843557358,1.191659662,5.798754379,4.607094717,4.750292778015137,-0.14319801330566406
40,0.8137593269348145,0.9963462352752686,-0.3608979880809784,0.16170252859592438,-0.3791203796863556,-0.36094000935554504,0.0,0.0,0.0,0.0,1.0,0.0,0.0,1.0,0.0,1.0,1.0,1.0,0.0,1.0,0.0,0.0,0.0,0.0,0.0,0.0576358288526535,1.7447671519999999,6.931438647,5.186671495000001,2.994462728500366,2.1922085285186768
41,-1.1749253273010254,-1.2805699110031128,0.7561909556388855,0.16170252859592438,1.1212924718856812,-0.19532442092895508,1.0,0.0,1.0,0.0,1.0,0.0,0.0,1.0,0.0,1.0,1.0,1.0,0.0,0.0,0.0,0.0,0.0,0.0,1.0,0.18052244186401367,-0.030033565,5.218486974,5.248520539,5.039166450500488,0.20935392379760742
42,1.419011116027832,0.19681812822818756,-1.4779869318008423,-0.8796060085296631,-0.0665343701839447,-1.5202491283416748,1.0,0.0,0.0,1.0,0.0,0.0,0.0,2.0,0.0,1.0,1.0,0.0,0.0,0.0,0.0,0.0,1.0,0.0,0.0,0.0009209298877976835,1.200505221,4.124909934,2.9244047129999995,3.4717917442321777,-0.5473871231079102
43,1.2676981687545776,0.19681812822818756,-0.733260989189148,0.16170252859592438,0.3710860311985016,-1.0234023332595825,1.0,0.0,0.0,1.0,0.0,0.0,0.0,1.0,0.0,1.0,0.0,1.0,1.0,0.0,0.0,0.0,0.0,0.0,0.0,0.21843503415584564,3.267119442,7.451492165,4.184372723000001,3.8235716819763184,0.36080121994018555
44,0.7056786417961121,0.5965821743011475,-1.1056239604949951,-0.8796060085296631,1.1838096380233765,-0.526555597782135,1.0,0.0,1.0,0.0,0.0,0.0,0.0,2.0,0.0,1.0,1.0,1.0,0.0,0.0,0.0,0.0,1.0,0.0,0.0,0.01628071442246437,3.9742790439999998,7.222972327000001,3.248693283000001,4.168204307556152,-0.919511079788208
45,0.8353754281997681,-0.6027100086212158,-0.733260989189148,-0.8796060085296631,0.5586376786231995,1.4608315229415894,1.0,0.0,0.0,0.0,0.0,0.0,0.0,2.0,0.0,1.0,1.0,1.0,0.0,0.0,0.0,0.0,0.0,0.0,1.0,0.541468620300293,3.894750919,6.472381225,2.5776303060000005,4.330004692077637,-1.7523744106292725
46,-1.7369449138641357,-2.2017662525177,1.8732799291610718,2.244319438934326,-2.254636526107788,0.7983691692352295,0.0,0.0,0.0,1.0,0.0,0.0,1.0,1.0,0.0,1.0,0.0,1.0,0.0,1.0,0.0,0.0,0.0,0.0,0.0,0.012212060391902924,4.600053863,7.143831786,2.5437779229999995,3.528616428375244,-0.9848384857177734
47,1.494667649269104,0.9963462352752686,-0.733260989189148,-0.8796060085296631,0.1835344433784485,-1.5202491283416748,1.0,0.0,0.0,1.0,0.0,0.0,1.0,2.0,0.0,1.0,0.0,1.0,0.0,0.0,1.0,0.0,0.0,0.0,0.0,0.1823960244655609,1.596212494,6.540225903,4.944013409,4.877009868621826,0.06700372695922852
48,0.2949720323085785,-0.20294594764709473,-0.3608979880809784,-0.8796060085296631,0.12101723253726959,-1.0234023332595825,0.0,0.0,1.0,1.0,0.0,0.0,0.0,2.0,0.0,1.0,0.0,1.0,0.0,0.0,0.0,0.0,0.0,0.0,1.0,0.6364635229110718,1.469327456,6.8685617379999995,5.399234281999999,4.254302501678467,1.1449317932128906
49,-2.298964500427246,-0.6636423468589783,2.245642900466919,-0.8796060085296631,-0.1915687769651413,0.9639847278594971,0.0,0.0,1.0,0.0,0.0,0.0,1.0,2.0,0.0,1.0,1.0,1.0,0.0,0.0,1.0,0.0,0.0,0.0,0.0,0.23823131620883942,1.267666902,5.184312515,3.916645613,4.214919090270996,-0.29827356338500977
50,1.1812336444854736,-0.6027100086212158,-0.3608979880809784,2.244319438934326,-0.004017170052975416,-0.6921712160110474,1.0,0.0,1.0,0.0,1.0,0.0,0.0,1.0,0.0,1.0,0.0,1.0,1.0,0.0,0.0,0.0,0.0,0.0,0.0,0.03375273197889328,0.66897721,5.611951232999999,4.942974023,3.5030689239501953,1.4399051666259766
51,-1.2830060720443726,-1.402238130569458,1.1285539865493774,-0.8796060085296631,0.058500032871961594,-1.1890180110931396,1.0,0.0,0.0,0.0,1.0,0.0,0.0,2.0,0.0,1.0,0.0,1.0,1.0,0.0,0.0,0.0,0.0,0.0,0.0,0.028076142072677612,1.4407695880000002,7.528073752,6.087304164,5.267122268676758,0.8201818466186523
52,-0.07250232249498367,-0.20294594764709473,-0.3608979880809784,1.2030110359191895,0.6211548447608948,0.13590677082538605,0.0,0.0,0.0,0.0,1.0,0.0,1.0,1.0,0.0,1.0,0.0,1.0,0.0,0.0,0.0,0.0,0.0,0.0,0.0,0.038847215473651886,1.781803501,5.528447127000001,3.746643626000001,3.460075616836548,0.28656792640686035
53,-0.15896686911582947,-2.2017662525177,-0.733260989189148,-0.8796060085296631,-0.3791203796863556,-0.8577867746353149,1.0,0.0,1.0,1.0,0.0,0.0,1.0,2.0,0.0,1.0,1.0,1.0,0.0,0.0,0.0,0.0,0.0,0.0,0.0,0.46357399225234985,0.937600471,5.423160912,4.4855604410000005,5.6158857345581055,-1.1303253173828125
54,-0.43997666239738464,-0.6027100086212158,1.1285539865493774,0.16170252859592438,-1.5044300556182861,1.1296002864837646,0.0,0.0,1.0,1.0,0.0,0.0,1.0,1.0,0.0,1.0,0.0,1.0,0.0,0.0,1.0,0.0,0.0,0.0,0.0,0.315540075302124,2.815464378,6.101968682000001,3.2865043040000006,2.7657198905944824,0.5207843780517578
55,0.2301236093044281,0.19681812822818756,0.7561909556388855,1.2030110359191895,0.058500032871961594,-0.526555597782135,1.0,0.0,1.0,1.0,0.0,0.0,1.0,1.0,0.0,1.0,0.0,1.0,0.0,0.0,0.0,0.0,0.0,0.0,0.0,0.6429505348205566,1.580873142,6.371904961,4.7910318190000005,3.7553999423980713,1.0356318950653076
56,0.6624463796615601,0.9963462352752686,-0.733260989189148,0.16170252859592438,0.058500032871961594,-1.1890180110931396,1.0,0.0,1.0,1.0,0.0,0.0,0.0,1.0,0.0,1.0,1.0,1.0,0.0,0.0,0.0,0.0,0.0,1.0,0.0,0.06054862216114998,2.467868158,6.115569975,3.6477018169999997,3.9342682361602783,-0.28656649589538574
57,-0.9371477961540222,-0.20294594764709473,0.011464990675449371,2.244319438934326,0.6836720705032349,1.1296002864837646,0.0,0.0,1.0,0.0,0.0,0.0,0.0,1.0,0.0,1.0,1.0,1.0,0.0,1.0,0.0,0.0,0.0,0.0,0.0,0.03125947341322899,2.923598563,9.959095785,7.035497222,2.0945534706115723,4.940943717956543
58,-0.7642187476158142,-1.002474069595337,0.7561909556388855,-0.8796060085296631,-0.0665343701839447,-0.8577867746353149,1.0,0.0,0.0,1.0,0.0,0.0,1.0,2.0,0.0,0.0,0.0,1.0,0.0,0.0,0.0,0.0,0.0,0.0,1.0,0.6000540256500244,2.473165969,7.447736827999999,4.974570858999999,4.160562992095947,0.8140077590942383
59,0.013962230645120144,0.19681812822818756,1.1285539865493774,-0.8796060085296631,-0.2540859878063202,1.792062759399414,0.0,0.0,1.0,0.0,0.0,1.0,0.0,2.0,0.0,1.0,0.0,1.0,0.0,0.0,1.0,0.0,0.0,0.0,0.0,0.06937257945537567,2.8179543380000003,7.449449467999999,4.631495129999999,2.1783523559570312,2.4531426429748535
60,0.2841639518737793,-0.20294594764709473,0.7561909556388855,2.244319438934326,0.5586376786231995,0.13590677082538605,1.0,0.0,0.0,1.0,0.0,0.0,1.0,1.0,0.0,1.0,0.0,1.0,0.0,1.0,0.0,0.0,0.0,0.0,0.0,0.15563589334487915,2.179498104,5.296093504,3.1165954,3.051863670349121,0.06473183631896973
61,-0.05088618025183678,0.19681812822818756,-0.3608979880809784,0.16170252859592438,-0.1290515810251236,1.4608315229415894,0.0,0.0,1.0,0.0,0.0,0.0,0.0,1.0,0.0,1.0,0.0,1.0,0.0,0.0,0.0,0.0,0.0,0.0,1.0,0.28673654794692993,4.794639468,6.6569079460000005,1.8622684780000007,1.8882627487182617,-0.025994300842285156
62,0.5111333727836609,-0.20294594764709473,-0.3608979880809784,2.244319438934326,-0.4416375756263733,1.2952159643173218,0.0,0.0,1.0,0.0,0.0,0.0,0.0,1.0,0.0,1.0,1.0,1.0,0.0,0.0,0.0,0.0,0.0,0.0,1.0,0.22177809476852417,3.347667707,7.693926537,4.34625883,2.3819799423217773,1.9642786979675293
63,1.1812336444854736,1.3961102962493896,-0.733260989189148,0.16170252859592438,0.6211548447608948,0.13590677082538605,0.0,0.0,0.0,0.0,1.0,0.0,0.0,1.0,1.0,1.0,1.0,1.0,0.0,0.0,0.0,0.0,1.0,0.0,0.0,0.004844074137508869,3.876275363,6.695524626,2.819249263,2.878213405609131,-0.05896425247192383
64,0.9002238512039185,0.9963462352752686,0.011464990675449371,0.16170252859592438,-0.7542235851287842,-0.36094000935554504,0.0,0.0,1.0,0.0,1.0,0.0,0.0,1.0,0.0,1.0,1.0,1.0,1.0,0.0,0.0,0.0,0.0,0.0,0.0,0.14563512802124023,1.105803657,7.559032687999999,6.453229030999999,3.754382848739624,2.6988461017608643
65,0.2517397403717041,0.07968643307685852,0.7561909556388855,-0.8796060085296631,-0.1915687769651413,-0.19532442092895508,0.0,0.0,1.0,0.0,1.0,0.0,0.0,2.0,0.0,1.0,1.0,1.0,0.0,0.0,0.0,0.0,0.0,0.0,1.0,0.6433819532394409,0.129383572,3.210085191,3.080701619,4.107439041137695,-1.0267374515533447
66,0.5111333727836609,-0.20294594764709473,-0.733260989189148,-0.8796060085296631,1.0587753057479858,1.2952159643173218,0.0,0.0,1.0,0.0,0.0,0.0,0.0,2.0,0.0,1.0,1.0,1.0,0.0,0.0,0.0,0.0,0.0,0.0,1.0,0.6478652358055115,2.184635919,8.161383288,5.976747369,3.7990572452545166,2.177690267562866
67,-0.11573459208011627,-0.20294594764709473,-0.733260989189148,0.16170252859592438,-0.004017170052975416,-1.3546335697174072,1.0,1.0,0.0,1.0,0.0,0.0,0.0,1.0,0.0,1.0,0.0,1.0,1.0,0.0,0.0,0.0,0.0,0.0,0.0,0.028833972290158272,0.260138702,4.944882101,4.684743399,4.328248977661133,0.3564944267272949
68,0.4462849795818329,0.19681812822818756,-0.733260989189148,0.16170252859592438,0.8087064623832703,0.6327535510063171,0.0,1.0,1.0,0.0,0.0,1.0,0.0,1.0,0.0,1.0,1.0,1.0,0.0,0.0,0.0,0.0,1.0,0.0,0.0,0.0027594666462391615,3.0437751360000003,6.555680569,3.5119054329999995,2.7088868618011475,0.8030185699462891
69,1.1812336444854736,0.5965821743011475,-1.8503499031066895,0.16170252859592438,0.4961204528808594,-0.029708821326494217,0.0,0.0,0.0,1.0,0.0,0.0,1.0,1.0,1.0,1.0,1.0,1.0,0.0,0.0,0.0,0.0,0.0,1.0,0.0,0.009494313970208168,3.326411684,6.813544309,3.487132625,3.717576026916504,-0.23044347763061523
70,0.9650722742080688,1.7958743572235107,-0.3608979880809784,-0.8796060085296631,-0.5041548013687134,0.7983691692352295,0.0,0.0,1.0,0.0,0.0,0.0,0.0,2.0,0.0,1.0,1.0,1.0,0.0,0.0,1.0,0.0,0.0,0.0,0.0,0.13651809096336365,2.937389145,6.199526808,3.262137663,3.7834861278533936,-0.5213484764099121
71,0.24309328198432922,0.5965821743011475,0.011464990675449371,-0.8796060085296631,1.0587753057479858,-1.0234023332595825,1.0,0.0,1.0,0.0,0.0,1.0,0.0,2.0,0.0,1.0,0.0,1.0,0.0,0.0,0.0,1.0,0.0,0.0,0.0,0.11182724684476852,0.629035882,6.925899945,6.296864063,4.769831657409668,1.5270323753356934
72,-1.0668447017669678,-1.802002191543579,1.1285539865493774,1.2030110359191895,0.6836720705032349,1.2952159643173218,0.0,0.0,1.0,0.0,0.0,1.0,1.0,1.0,0.0,1.0,1.0,1.0,0.0,1.0,0.0,0.0,0.0,0.0,0.0,0.07906321436166763,5.430931447000001,6.861205264,1.430273816999999,2.876255989074707,-1.4459822177886963
73,-0.7426025867462158,-0.6027100086212158,0.7561909556388855,0.16170252859592438,-0.7542235851287842,0.4671379625797272,1.0,0.0,1.0,0.0,1.0,0.0,0.0,1.0,0.0,1.0,0.0,1.0,0.0,0.0,1.0,0.0,0.0,0.0,0.0,0.25288498401641846,2.282722024,6.173508426000001,3.8907864020000007,3.5916004180908203,0.29918599128723145
74,-0.33189597725868225,0.19681812822818756,0.011464990675449371,-0.8796060085296631,0.1835344433784485,0.4671379625797272,0.0,1.0,0.0,0.0,1.0,0.0,0.0,2.0,0.0,1.0,1.0,1.0,0.0,0.0,1.0,0.0,0.0,0.0,0.0,0.5084166526794434,1.82637802,7.397314776,5.570936756,4.318760395050049,1.252176284790039
75,-0.3448656499385834,0.19681812822818756,0.38382798433303833,-0.8796060085296631,-5.130427837371826,1.626447081565857,1.0,0.0,1.0,0.0,0.0,0.0,0.0,2.0,1.0,1.0,1.0,1.0,0.0,0.0,1.0,0.0,0.0,0.0,0.0,0.849660336971283,3.33876946,8.984475737999999,5.645706277999999,3.395724296569824,2.2499818801879883
76,0.3165881633758545,0.5965821743011475,-1.4779869318008423,-0.8796060085296631,2.2466020584106445,-0.8577867746353149,1.0,0.0,0.0,0.0,1.0,0.0,1.0,2.0,1.0,1.0,1.0,1.0,1.0,0.0,0.0,0.0,0.0,0.0,0.0,0.011005502194166183,2.5723633759999998,7.524447541,4.9520841650000005,6.2041144371032715,-1.252030372619629
77,0.7272947430610657,0.9963462352752686,-0.733260989189148,-0.8796060085296631,-0.5666719675064087,-0.8577867746353149,1.0,0.0,1.0,1.0,0.0,0.0,0.0,2.0,0.0,1.0,0.0,1.0,0.0,0.0,1.0,0.0,0.0,0.0,0.0,0.19985826313495636,1.946579453,5.354538546000001,3.4079590930000005,4.69075870513916,-1.2827997207641602
78,-1.0452284812927246,-1.002474069595337,1.1285539865493774,1.2030110359191895,0.2460516393184662,-1.1890180110931396,0.0,0.0,0.0,1.0,0.0,0.0,0.0,1.0,0.0,1.0,1.0,0.0,0.0,0.0,0.0,0.0,0.0,1.0,0.0,0.0011527093593031168,3.117967835,6.102727776,2.984759941,3.541080951690674,-0.5563209056854248
79,-1.1316930055618286,-1.402238130569458,0.7561909556388855,-0.8796060085296631,-0.1915687769651413,-0.8577867746353149,1.0,0.0,0.0,0.0,1.0,0.0,1.0,2.0,0.0,1.0,0.0,1.0,0.0,0.0,0.0,1.0,0.0,0.0,0.0,0.14245763421058655,1.5972381580000001,6.349694666,4.752456508,5.16876220703125,-0.4163055419921875
80,-0.6561380624771118,-0.6027100086212158,1.1285539865493774,0.16170252859592438,-0.0665343701839447,1.1296002864837646,0.0,0.0,1.0,1.0,0.0,0.0,1.0,1.0,0.0,1.0,0.0,1.0,0.0,0.0,0.0,0.0,0.0,0.0,1.0,0.4717608094215393,2.560395162,8.523347301,5.9629521389999995,2.803661346435547,3.1592907905578613
81,-1.9963386058807373,-2.2017662525177,0.38382798433303833,0.16170252859592438,-1.2543612718582153,-0.36094000935554504,1.0,0.0,0.0,1.0,0.0,0.0,1.0,1.0,0.0,1.0,0.0,1.0,0.0,0.0,0.0,1.0,0.0,0.0,0.0,0.09834280610084534,3.492436969,7.088852322999999,3.5964153539999995,4.984703063964844,-1.3882877826690674
82,-0.526441216468811,0.19681812822818756,0.38382798433303833,0.16170252859592438,0.5586376786231995,0.6327535510063171,0.0,1.0,1.0,0.0,1.0,0.0,1.0,1.0,0.0,1.0,1.0,1.0,0.0,1.0,0.0,0.0,0.0,0.0,0.0,0.04189052805304527,2.593266102,6.389203655,3.7959375530000004,3.430534839630127,0.3654026985168457
83,-1.6720964908599854,-1.802002191543579,2.245642900466919,1.2030110359191895,-1.0668096542358398,1.1296002864837646,0.0,0.0,1.0,0.0,1.0,0.0,0.0,1.0,0.0,1.0,1.0,1.0,0.0,0.0,0.0,0.0,0.0,0.0,1.0,0.03666175156831741,2.978126084,7.448681004,4.47055492,3.984057903289795,0.4864969253540039
84,0.10042677819728851,0.19681812822818756,-0.733260989189148,0.16170252859592438,0.4336032569408417,-0.526555597782135,1.0,0.0,0.0,0.0,1.0,0.0,0.0,1.0,0.0,1.0,1.0,1.0,0.0,0.0,0.0,0.0,0.0,1.0,0.0,0.005594925954937935,2.409362347,4.79751475,2.3881524030000003,3.74393892288208,-1.3557865619659424
85,0.7056786417961121,0.9963462352752686,-0.3608979880809784,-0.8796060085296631,1.1212924718856812,0.13590677082538605,0.0,0.0,1.0,0.0,0.0,1.0,0.0,2.0,0.0,1.0,1.0,1.0,0.0,0.0,0.0,0.0,0.0,0.0,0.0,0.25190290808677673,1.622114059,6.948792025,5.326677966,4.097375869750977,1.229301929473877
86,-1.9531062841415405,-2.2017662525177,1.8732799291610718,0.16170252859592438,1.1212924718856812,-0.36094000935554504,0.0,0.0,0.0,0.0,1.0,0.0,1.0,1.0,0.0,1.0,0.0,1.0,0.0,0.0,1.0,0.0,0.0,0.0,0.0,0.011657739989459515,1.838631031,7.465424948,5.626793917,4.818193435668945,0.8086004257202148
87,1.4838595390319824,1.7958743572235107,-1.1056239604949951,1.2030110359191895,0.1835344433784485,0.4671379625797272,0.0,0.0,0.0,0.0,0.0,1.0,0.0,1.0,0.0,1.0,1.0,1.0,0.0,0.0,1.0,0.0,0.0,0.0,0.0,0.03764747455716133,3.4425000939999997,5.981576198,2.5390761040000003,4.015876770019531,-1.4768006801605225
88,0.4462849795818329,0.19681812822818756,-1.1056239604949951,1.2030110359191895,1.0587753057479858,-0.526555597782135,1.0,0.0,0.0,1.0,0.0,0.0,0.0,1.0,0.0,1.0,0.0,1.0,0.0,0.0,0.0,1.0,0.0,0.0,0.0,0.03820338100194931,1.497620551,5.093325823,3.595705272,3.5678412914276123,0.02786397933959961
89,1.1812336444854736,0.9963462352752686,-1.8503499031066895,1.2030110359191895,1.4338785409927368,-0.526555597782135,0.0,0.0,1.0,0.0,1.0,0.0,0.0,1.0,0.0,1.0,1.0,1.0,0.0,0.0,0.0,0.0,0.0,0.0,1.0,0.04918285459280014,1.490963935,6.969366078999999,5.4784021439999995,3.3238954544067383,2.1545066833496094
90,-0.28866368532180786,0.19681812822818756,0.011464990675449371,-0.8796060085296631,0.3085688352584839,-1.1890180110931396,0.0,0.0,0.0,1.0,0.0,0.0,1.0,2.0,0.0,1.0,0.0,1.0,1.0,0.0,0.0,0.0,0.0,0.0,0.0,0.19674281775951385,0.977148336,6.08907621,5.111927874,4.691468238830566,0.4204597473144531
91,1.4406273365020752,0.5965821743011475,-1.4779869318008423,1.2030110359191895,-0.8167408108711243,0.4671379625797272,1.0,0.0,1.0,1.0,0.0,0.0,0.0,1.0,0.0,1.0,0.0,1.0,0.0,0.0,0.0,0.0,0.0,0.0,1.0,0.5297388434410095,2.732224865,8.252929907999999,5.520705042999999,3.984173059463501,1.5365321636199951
92,0.9434561729431152,-0.20294594764709473,-0.3608979880809784,-0.8796060085296631,0.7461892366409302,-0.6921712160110474,1.0,0.0,0.0,1.0,0.0,0.0,1.0,2.0,0.0,1.0,0.0,1.0,0.0,1.0,0.0,0.0,0.0,0.0,0.0,0.17882013320922852,1.92557436,5.435043832000001,3.509469472000001,4.152834892272949,-0.6433653831481934
93,0.9218400120735168,1.3961102962493896,-0.3608979880809784,2.244319438934326,0.8712236881256104,0.3015223741531372,1.0,0.0,0.0,0.0,0.0,1.0,1.0,1.0,0.0,0.0,0.0,1.0,0.0,0.0,0.0,1.0,0.0,0.0,0.0,0.12447992712259293,3.597912233,6.016179554,2.4182673209999996,3.1089324951171875,-0.6906652450561523
94,0.3900830149650574,0.5965821743011475,-1.8503499031066895,-0.8796060085296631,-0.004017170052975416,-0.8577867746353149,0.0,0.0,0.0,0.0,0.0,1.0,1.0,2.0,0.0,1.0,0.0,1.0,1.0,0.0,0.0,0.0,0.0,0.0,0.0,0.016819553449749947,1.3662056919999999,5.697239363,4.331033671,5.506860733032227,-1.1758270263671875
95,0.5111333727836609,0.19681812822818756,0.011464990675449371,0.16170252859592438,-0.3791203796863556,-0.36094000935554504,0.0,0.0,1.0,0.0,1.0,0.0,0.0,1.0,0.0,1.0,1.0,1.0,0.0,0.0,0.0,0.0,0.0,0.0,0.0,0.3476921021938324,3.142097515,6.380900732000001,3.2388032170000005,3.124654769897461,0.11414837837219238
96,1.15961754322052,0.9963462352752686,-0.3608979880809784,1.2030110359191895,-0.5666719675064087,-0.526555597782135,1.0,0.0,0.0,1.0,0.0,0.0,0.0,1.0,0.0,1.0,0.0,1.0,0.0,0.0,0.0,1.0,0.0,0.0,0.0,0.19318073987960815,0.9300579729999999,7.103207455,6.1731494819999995,4.017221450805664,2.155928134918213
97,0.2301236093044281,0.5965821743011475,-0.733260989189148,-0.8796060085296631,-0.2540859878063202,-0.029708821326494217,0.0,0.0,1.0,0.0,0.0,1.0,0.0,2.0,1.0,1.0,1.0,1.0,0.0,0.0,0.0,0.0,1.0,0.0,0.0,0.007515644654631615,2.009034235,5.932198669,3.923164434,3.533261775970459,0.38990259170532227
98,0.07881063967943192,0.5965821743011475,-1.1056239604949951,-0.8796060085296631,0.8087064623832703,0.3015223741531372,0.0,0.0,1.0,0.0,0.0,1.0,1.0,2.0,0.0,1.0,1.0,1.0,0.0,0.0,0.0,0.0,0.0,0.0,1.0,0.2434731423854828,2.492872122,6.779199116,4.2863269939999995,5.072849273681641,-0.786522388458252
99,-1.1533092260360718,-1.402238130569458,1.1285539865493774,0.16170252859592438,0.3710860311985016,0.6327535510063171,1.0,0.0,0.0,0.0,1.0,0.0,1.0,1.0,0.0,1.0,0.0,1.0,0.0,1.0,0.0,0.0,0.0,0.0,0.0,0.03361375629901886,1.174244978,6.515582009,5.341337031,3.955967903137207,1.3853693008422852
100,-0.43997666239738464,0.19681812822818756,0.011464990675449371,-0.8796060085296631,1.4963957071304321,0.13590677082538605,0.0,0.0,1.0,0.0,0.0,1.0,0.0,2.0,0.0,1.0,0.0,1.0,0.0,0.0,1.0,0.0,0.0,0.0,0.0,0.1869414746761322,1.090969716,7.098473147999999,6.007503431999999,4.667686939239502,1.3398165702819824
101,0.013962230645120144,0.19681812822818756,0.011464990675449371,1.2030110359191895,0.4961204528808594,1.1296002864837646,0.0,0.0,0.0,0.0,0.0,1.0,1.0,1.0,0.0,1.0,1.0,1.0,0.0,1.0,0.0,0.0,0.0,0.0,0.0,0.07711371034383774,4.308376312,6.530411072000001,2.2220347600000006,2.9246296882629395,-0.7025949954986572
102,1.073153018951416,0.19681812822818756,-0.3608979880809784,-0.8796060085296631,-0.6291891932487488,0.7983691692352295,0.0,0.0,1.0,0.0,0.0,1.0,0.0,2.0,0.0,1.0,1.0,1.0,0.0,0.0,0.0,0.0,0.0,0.0,1.0,0.19182397425174713,3.573685474,6.162615456,2.5889299820000002,3.9823355674743652,-1.3934056758880615
103,-0.7642187476158142,-0.6027100086212158,1.1285539865493774,0.16170252859592438,0.6211548447608948,-1.1890180110931396,0.0,1.0,0.0,1.0,0.0,0.0,0.0,1.0,0.0,1.0,0.0,1.0,0.0,1.0,0.0,0.0,0.0,0.0,0.0,0.005536469165235758,2.39976029,6.549479965,4.149719675,3.3144359588623047,0.8352837562561035
104,-2.45027756690979,-2.6015303134918213,2.6180057525634766,-0.8796060085296631,-0.5666719675064087,1.4608315229415894,0.0,0.0,0.0,0.0,1.0,0.0,0.0,2.0,0.0,1.0,1.0,1.0,0.0,1.0,0.0,0.0,0.0,0.0,0.0,0.0071757398545742035,2.223686985,6.592374548,4.368687563,4.380127906799316,-0.011440277099609375
105,-0.8506832718849182,-0.20294594764709473,-0.3608979880809784,-0.8796060085296631,2.0590505599975586,-1.0234023332595825,0.0,0.0,1.0,0.0,0.0,1.0,0.0,2.0,0.0,1.0,1.0,1.0,0.0,0.0,0.0,0.0,0.0,0.0,0.0,0.18586701154708862,1.1702849929999999,4.361825795,3.1915408019999996,5.046921730041504,-1.8553810119628906
106,-0.26704755425453186,-0.20294594764709473,1.1285539865493774,-0.8796060085296631,0.1835344433784485,-0.8577867746353149,1.0,0.0,0.0,1.0,0.0,0.0,0.0,2.0,1.0,1.0,1.0,1.0,0.0,0.0,0.0,0.0,0.0,1.0,0.0,0.020010683685541153,3.584036174,6.372467878999999,2.7884317049999994,4.049685478210449,-1.261253833770752
107,0.7597189545631409,0.9963462352752686,-0.733260989189148,-0.8796060085296631,0.6836720705032349,0.4671379625797272,1.0,0.0,1.0,0.0,0.0,1.0,0.0,2.0,0.0,1.0,1.0,1.0,1.0,0.0,0.0,0.0,0.0,0.0,0.0,0.2797873318195343,-0.215901519,6.018299927999999,6.234201446999999,5.263821601867676,0.9703798294067383
108,-0.007653906941413879,0.19681812822818756,-0.3608979880809784,-0.8796060085296631,0.6836720705032349,-1.1890180110931396,0.0,0.0,0.0,1.0,0.0,0.0,1.0,2.0,0.0,0.0,0.0,1.0,0.0,1.0,0.0,0.0,0.0,0.0,0.0,0.03743118420243263,0.892652828,6.626253415,5.733600587,3.3499417304992676,2.3836588859558105
109,-0.33189597725868225,0.5965821743011475,-0.3608979880809784,0.16170252859592438,0.3710860311985016,1.4608315229415894,1.0,1.0,1.0,0.0,1.0,0.0,0.0,1.0,0.0,1.0,0.0,1.0,0.0,0.0,0.0,0.0,0.0,0.0,0.0,0.08036870509386063,4.07253576,6.13972234,2.0671865799999996,2.6389565467834473,-0.5717699527740479
110,-1.5856319665908813,-1.002474069595337,1.1285539865493774,-0.8796060085296631,0.7461892366409302,-1.5202491283416748,0.0,0.0,0.0,1.0,0.0,0.0,0.0,2.0,1.0,1.0,0.0,1.0,0.0,0.0,0.0,0.0,0.0,0.0,1.0,0.025855088606476784,0.385709674,5.052777185,4.667067511,4.707963943481445,-0.04089641571044922
111,0.1868913322687149,0.5965821743011475,0.7561909556388855,-0.8796060085296631,-1.1293268203735352,-0.8577867746353149,1.0,0.0,1.0,0.0,1.0,0.0,0.0,2.0,0.0,1.0,1.0,1.0,1.0,0.0,0.0,0.0,0.0,0.0,0.0,0.32870131731033325,2.184494615,6.129614874,3.9451202589999994,4.834936618804932,-0.8898162841796875
112,0.5111333727836609,-0.6027100086212158,-0.3608979880809784,-0.8796060085296631,-0.3791203796863556,0.13590677082538605,0.0,0.0,1.0,0.0,0.0,1.0,0.0,2.0,1.0,1.0,1.0,1.0,0.0,0.0,0.0,0.0,1.0,0.0,0.0,0.009947560727596283,1.906684331,8.328607017000001,6.421922686000001,2.9712376594543457,3.4506850242614746
113,-1.1749253273010254,-1.402238130569458,1.5009169578552246,-0.8796060085296631,-0.0665343701839447,-0.36094000935554504,1.0,0.0,0.0,0.0,1.0,0.0,0.0,2.0,0.0,1.0,1.0,1.0,0.0,1.0,0.0,0.0,0.0,0.0,0.0,0.073593370616436,2.258587166,4.266654406000001,2.008067240000001,4.907820701599121,-2.8997535705566406
114,1.15961754322052,0.5965821743011475,-0.733260989189148,1.2030110359191895,0.3085688352584839,-0.6921712160110474,1.0,0.0,1.0,0.0,1.0,0.0,0.0,1.0,0.0,1.0,0.0,1.0,0.0,0.0,0.0,0.0,0.0,1.0,0.0,0.044210899621248245,-0.16839529,5.631014156,5.799409446,2.9956653118133545,2.803744077682495
115,-0.20219914615154266,1.3961102962493896,-0.733260989189148,-0.8796060085296631,1.1212924718856812,-1.0234023332595825,1.0,0.0,1.0,1.0,0.0,0.0,1.0,2.0,0.0,1.0,0.0,1.0,0.0,0.0,1.0,0.0,0.0,0.0,0.0,0.20708252489566803,1.411111218,7.505548543,6.0944373249999995,5.022934913635254,1.0715022087097168
116,-0.029270043596625328,-0.6027100086212158,0.011464990675449371,0.16170252859592438,0.1835344433784485,-0.19532442092895508,1.0,0.0,0.0,1.0,0.0,0.0,1.0,1.0,0.0,1.0,0.0,1.0,0.0,1.0,0.0,0.0,0.0,0.0,0.0,0.18223130702972412,2.340849795,6.908482676,4.567632881,3.6554293632507324,0.912203311920166
117,0.9650722742080688,0.19681812822818756,-0.3608979880809784,-0.8796060085296631,0.8712236881256104,-1.685864806175232,0.0,0.0,0.0,1.0,0.0,0.0,0.0,2.0,0.0,1.0,0.0,1.0,1.0,0.0,0.0,0.0,0.0,0.0,0.0,0.10096662491559982,0.8868565190000001,3.2543750780000003,2.367518559,4.035289764404297,-1.6677711009979248
118,-0.26704755425453186,-0.6027100086212158,0.38382798433303833,-0.8796060085296631,-0.7542235851287842,-0.526555597782135,1.0,0.0,0.0,0.0,1.0,0.0,0.0,2.0,0.0,1.0,1.0,1.0,0.0,0.0,0.0,0.0,0.0,1.0,0.0,0.07147522270679474,2.551956358,6.750624796,4.198668438,4.289818286895752,-0.09114980697631836
119,0.4246688485145569,0.5965821743011475,-1.1056239604949951,0.16170252859592438,2.121567726135254,-1.1890180110931396,1.0,0.0,1.0,1.0,0.0,0.0,0.0,1.0,0.0,1.0,0.0,1.0,0.0,1.0,0.0,0.0,0.0,0.0,0.0,0.05977470800280571,0.627055832,7.350101949,6.723046117,3.468198299407959,3.254848003387451
120,0.2085074633359909,0.19681812822818756,-0.3608979880809784,-0.8796060085296631,0.9962580800056458,-1.3546335697174072,1.0,0.0,0.0,1.0,0.0,0.0,0.0,2.0,0.0,1.0,0.0,1.0,0.0,0.0,0.0,1.0,0.0,0.0,0.0,0.045506056398153305,2.2203857719999998,6.164386791,3.9440010190000003,4.517682075500488,-0.573681116104126
121,0.2301236093044281,0.9963462352752686,0.011464990675449371,0.16170252859592438,-3.6925320625305176,1.2952159643173218,0.0,1.0,1.0,0.0,0.0,0.0,0.0,1.0,0.0,1.0,1.0,1.0,0.0,0.0,0.0,0.0,0.0,0.0,0.0,0.707827627658844,3.511036813,8.070801364,4.559764550999999,3.8475899696350098,0.7121744155883789
122,-0.569673478603363,0.19681812822818756,-1.1056239604949951,2.244319438934326,2.30911922454834,-0.36094000935554504,1.0,1.0,0.0,0.0,0.0,1.0,0.0,1.0,1.0,0.0,0.0,1.0,0.0,0.0,0.0,0.0,0.0,0.0,1.0,0.04576458781957626,3.533511695,8.331171841,4.797660146,2.885680913925171,1.9119794368743896
123,-0.007653906941413879,-0.20294594764709473,-0.3608979880809784,0.16170252859592438,-0.3166031837463379,1.792062759399414,0.0,0.0,1.0,0.0,0.0,1.0,1.0,1.0,0.0,1.0,0.0,1.0,0.0,0.0,0.0,0.0,0.0,0.0,0.0,0.3039534091949463,4.091946288,6.06197592,1.9700296320000001,1.89664888381958,0.07338070869445801
124,0.2733558714389801,0.19681812822818756,-0.3608979880809784,-0.8796060085296631,-0.4416375756263733,-0.6921712160110474,1.0,0.0,0.0,1.0,0.0,0.0,1.0,2.0,0.0,1.0,0.0,1.0,0.0,1.0,0.0,0.0,0.0,0.0,0.0,0.06436052173376083,1.737341796,7.923724291,6.186382495,4.372739791870117,1.8136425018310547
125,0.8137593269348145,0.6019941568374634,-1.1056239604949951,-0.8796060085296631,0.4336032569408417,0.6327535510063171,0.0,0.0,1.0,0.0,0.0,1.0,0.0,2.0,0.0,1.0,0.0,1.0,0.0,0.0,0.0,0.0,0.0,0.0,0.0,0.30870187282562256,1.49566124,6.219146227,4.723484987000001,3.7969980239868164,0.9264869689941406
126,1.2893143892288208,0.19681812822818756,-0.733260989189148,1.2030110359191895,-0.1290515810251236,-0.36094000935554504,1.0,1.0,0.0,0.0,1.0,0.0,1.0,1.0,0.0,1.0,1.0,1.0,0.0,0.0,0.0,0.0,0.0,1.0,0.0,0.014392532408237457,1.944536944,6.185290845,4.240753901,3.426772356033325,0.8139817714691162
127,-1.7369449138641357,-1.8027716875076294,2.245642900466919,1.2030110359191895,0.7461892366409302,0.3015223741531372,1.0,0.0,0.0,0.0,0.0,1.0,1.0,1.0,0.0,1.0,0.0,1.0,0.0,0.0,0.0,0.0,0.0,0.0,0.0,0.049317866563797,1.679321639,5.968986618,4.289664978999999,4.134537220001221,0.15512752532958984
128,0.3382042944431305,0.9963462352752686,-0.733260989189148,-0.8796060085296631,0.3085688352584839,0.7983691692352295,0.0,0.0,1.0,0.0,0.0,0.0,0.0,2.0,0.0,1.0,1.0,1.0,0.0,0.0,0.0,0.0,0.0,0.0,1.0,0.5524930357933044,1.9260754219999998,7.483696665,5.557621243,4.019034385681152,1.5385870933532715
129,-1.110076904296875,-1.002474069595337,-1.1056239604949951,0.16170252859592438,1.4338785409927368,-0.8577867746353149,1.0,0.0,0.0,1.0,0.0,0.0,1.0,1.0,0.0,1.0,1.0,1.0,0.0,0.0,0.0,0.0,0.0,1.0,0.0,0.006921606604009867,2.284806069,6.1832928979999995,3.8984868289999994,4.9306960105896,-1.0322091579437256
130,0.3814365565776825,-0.20294594764709473,-1.1056239604949951,-0.8796060085296631,-0.3791203796863556,-1.1890180110931396,0.0,0.0,0.0,0.0,1.0,0.0,1.0,2.0,0.0,1.0,1.0,1.0,0.0,0.0,0.0,0.0,1.0,0.0,0.0,0.0024462114088237286,2.704396521,5.05703045,2.352633929,4.282423973083496,-1.9297900199890137
131,-0.7426025867462158,-0.978717029094696,1.1285539865493774,-0.8796060085296631,0.12101723253726959,-0.36094000935554504,1.0,0.0,1.0,0.0,0.0,0.0,0.0,2.0,0.0,1.0,1.0,1.0,0.0,0.0,0.0,0.0,0.0,0.0,0.0,0.5474610924720764,1.028770687,6.158913693,5.130143006,4.505850791931152,0.6242923736572266
132,-0.39674437046051025,-0.6027100086212158,0.38382798433303833,0.16170252859592438,0.6211548447608948,-0.526555597782135,0.0,0.0,0.0,1.0,0.0,0.0,0.0,1.0,0.0,1.0,1.0,1.0,1.0,0.0,0.0,0.0,0.0,0.0,0.0,0.05625887215137482,2.602322762,5.292147977,2.689825215,4.009431838989258,-1.3196065425872803
133,-0.27785563468933105,0.5965821743011475,0.38382798433303833,-0.8796060085296631,-0.1290515810251236,0.3015223741531372,0.0,0.0,1.0,0.0,1.0,0.0,0.0,2.0,1.0,1.0,1.0,1.0,0.0,0.0,1.0,0.0,0.0,0.0,0.0,0.4148479700088501,2.423222618,7.49370975,5.070487132,3.671525001525879,1.3989620208740234
134,0.8353754281997681,-0.13910187780857086,0.38382798433303833,-0.8796060085296631,-4.192669868469238,-1.5202491283416748,1.0,0.0,0.0,1.0,0.0,0.0,0.0,2.0,0.0,1.0,0.0,1.0,0.0,0.0,0.0,0.0,1.0,0.0,0.0,0.0943002998828888,2.70835092,5.388136835,2.679785915,5.702648162841797,-3.022862195968628
135,1.2028497457504272,0.5965821743011475,-0.3608979880809784,0.16170252859592438,-0.4416375756263733,-1.3546335697174072,0.0,0.0,0.0,1.0,0.0,0.0,0.0,1.0,0.0,1.0,0.0,1.0,0.0,0.0,0.0,1.0,0.0,0.0,0.0,0.022299837321043015,0.7516341999999999,6.106585125,5.354950925,3.5447676181793213,1.8101832866668701
136,0.7056786417961121,0.5965821743011475,-1.1056239604949951,0.16170252859592438,1.371361255645752,-0.526555597782135,0.0,1.0,0.0,0.0,0.0,1.0,1.0,1.0,0.0,1.0,1.0,1.0,0.0,0.0,0.0,0.0,0.0,0.0,0.0,0.06998158246278763,2.8080525769999998,5.1293767169999995,2.3213241399999998,4.153569221496582,-1.832245111465454
137,-0.8074510097503662,-0.20294594764709473,-0.3608979880809784,-0.8796060085296631,0.8087064623832703,-0.526555597782135,0.0,0.0,0.0,1.0,0.0,0.0,0.0,2.0,0.0,1.0,0.0,1.0,1.0,0.0,0.0,0.0,0.0,0.0,0.0,0.0412723682820797,2.996272705,6.633952219,3.6376795140000002,4.747577667236328,-1.1098980903625488
138,-1.3262382745742798,-1.802002191543579,1.5009169578552246,-0.8796060085296631,-2.9423255920410156,0.4671379625797272,0.0,0.0,1.0,0.0,1.0,0.0,1.0,2.0,1.0,1.0,1.0,1.0,0.0,0.0,0.0,0.0,0.0,0.0,1.0,0.6947069764137268,2.7624022439999996,7.510933569,4.748531325,3.7962098121643066,0.9523215293884277
139,-0.18058300018310547,-0.20294594764709473,0.7561909556388855,-0.8796060085296631,0.058500032871961594,-0.19532442092895508,1.0,0.0,0.0,0.0,0.0,1.0,0.0,2.0,0.0,1.0,0.0,1.0,0.0,1.0,0.0,0.0,0.0,0.0,0.0,0.15953606367111206,1.76781723,6.248024112,4.480206882000001,4.223005771636963,0.2572011947631836
140,-0.9155316948890686,-1.402238130569458,1.1285539865493774,1.2030110359191895,-0.6917064189910889,0.3015223741531372,1.0,0.0,0.0,1.0,0.0,0.0,1.0,1.0,0.0,1.0,0.0,1.0,0.0,0.0,0.0,1.0,0.0,0.0,0.0,0.11105536669492722,2.257818103,4.368622963,2.11080486,3.9307565689086914,-1.8199517726898193
141,-0.07250232249498367,0.19681812822818756,0.7561909556388855,-0.8796060085296631,0.4336032569408417,-0.029708821326494217,1.0,0.0,1.0,0.0,1.0,0.0,0.0,2.0,0.0,1.0,1.0,1.0,0.0,0.0,1.0,0.0,0.0,0.0,0.0,0.6246300339698792,1.3179206890000001,5.463671865,4.145751176,4.70357608795166,-0.5578250885009766
142,0.5975979566574097,0.9963462352752686,-0.3608979880809784,0.16170252859592438,-0.7542235851287842,-1.0234023332595825,0.0,0.0,0.0,0.0,1.0,0.0,0.0,1.0,0.0,1.0,0.0,1.0,0.0,0.0,0.0,1.0,0.0,0.0,0.0,0.04271503910422325,1.489083825,3.67929185,2.1902080249999996,3.5288805961608887,-1.3386726379394531
143,0.7705270648002625,0.9963462352752686,-0.3608979880809784,0.16170252859592438,1.1838096380233765,-0.029708821326494217,1.0,0.0,1.0,0.0,1.0,0.0,0.0,1.0,0.0,1.0,1.0,1.0,1.0,0.0,0.0,0.0,0.0,0.0,0.0,0.11298102885484695,2.054759716,6.773372509,4.718612793,4.015992164611816,0.7026205062866211
144,-0.22381527721881866,-0.6027100086212158,-0.733260989189148,0.16170252859592438,0.3710860311985016,-1.0234023332595825,0.0,0.0,0.0,1.0,0.0,0.0,0.0,1.0,1.0,1.0,0.0,1.0,0.0,0.0,0.0,0.0,1.0,0.0,0.0,0.0003448370553087443,0.9060732709999999,6.340128462999999,5.434055191999999,2.943965196609497,2.4900901317596436
145,1.246082067489624,1.7958743572235107,-0.733260989189148,2.244319438934326,0.3710860311985016,-0.36094000935554504,1.0,0.0,1.0,0.0,1.0,0.0,1.0,1.0,0.0,1.0,1.0,1.0,0.0,0.0,0.0,0.0,0.0,1.0,0.0,0.06851649284362793,3.252402128,5.5231345670000005,2.2707324390000005,3.762814998626709,-1.4920825958251953
146,1.0083045959472656,0.9963462352752686,-1.4779869318008423,0.16170252859592438,-0.1290515810251236,0.3015223741531372,1.0,0.0,1.0,0.0,0.0,0.0,0.0,1.0,0.0,1.0,0.0,1.0,0.0,0.0,0.0,0.0,0.0,0.0,1.0,0.4396918714046478,2.075278183,6.7091190460000005,4.6338408630000005,3.500694751739502,1.1331462860107422
147,0.12204291671514511,0.19681812822818756,1.1285539865493774,-0.8796060085296631,-1.2543612718582153,-0.526555597782135,1.0,0.0,0.0,0.0,1.0,0.0,0.0,2.0,0.0,1.0,1.0,1.0,0.0,1.0,0.0,0.0,0.0,0.0,0.0,0.43249014019966125,1.342756126,4.365245494,3.0224893679999996,4.078693866729736,-1.0562045574188232
148,-0.39674437046051025,-1.402238130569458,-0.3608979880809784,0.16170252859592438,0.5586376786231995,-0.8577867746353149,1.0,0.0,0.0,1.0,0.0,0.0,0.0,1.0,0.0,1.0,1.0,1.0,0.0,0.0,0.0,0.0,0.0,1.0,0.0,0.008292884565889835,2.250801081,6.209686176,3.958885095,4.130214691162109,-0.17132949829101562
149,-0.007653906941413879,-0.20294594764709473,0.7561909556388855,0.16170252859592438,0.2460516393184662,-0.029708821326494217,1.0,1.0,1.0,0.0,0.0,1.0,1.0,1.0,0.0,1.0,1.0,1.0,0.0,0.0,0.0,0.0,0.0,0.0,0.0,0.5628237128257751,3.649684391,5.727380144,2.0776957529999995,3.8928799629211426,-1.8151841163635254
